          -2          -2          -2
  -0.000033828895133   0.000038610847799   0.000038610291412
   0.000038610338813  -0.000033828895735   0.000038610629459
   0.000038610896942   0.000038610555692  -0.000033828896086
  
          -2          -2          -1
  -0.000051683343406   0.000034670957636  -0.000071909168673
   0.000034670964372   0.000195071685597   0.000041879238370
  -0.000071909127546   0.000041879234509   0.000019178646417
  
          -2          -2           0
  -0.000051683343362  -0.000034670960480  -0.000071909157140
  -0.000034670961175   0.000195071685378  -0.000041879231783
  -0.000071909138895  -0.000041879240799   0.000019178646588
  
          -2          -2           1
  -0.000033828894558  -0.000038610348797   0.000038610251251
  -0.000038610838703  -0.000033828895819  -0.000038610573927
   0.000038610934340  -0.000038610614060  -0.000033828896573
  
          -2          -2           2
  -0.000194057988426  -0.000000000371942  -0.000000000001657
   0.000000000369968  -0.000161912685470  -0.000000000044368
   0.000000000001178   0.000000000045554   0.000030528939026
  
          -2          -1          -2
   0.000195071685461   0.000041879208893   0.000034670990269
   0.000041879264035   0.000019178646732  -0.000071909144115
   0.000034670930562  -0.000071909152024  -0.000051683343585
  
          -2          -1          -1
   0.000197346709831   0.000005487011607  -0.000005487010357
   0.000005487011105   0.000197346709284  -0.000005487011975
  -0.000005487012944  -0.000005487011953   0.000197346709759
  
          -2          -1           0
   0.000019178646651   0.000071909131773   0.000041879219574
   0.000071909164618  -0.000051683343580  -0.000034670979026
   0.000041879253593  -0.000034670943276   0.000195071685534
  
          -2          -1           1
   0.000265817175903  -0.000301674950090   0.000000000029586
  -0.000301676191654   0.000127577889012   0.000000000011133
  -0.000000000030692  -0.000000000010312  -0.000158550556240
  
          -2          -1           2
   0.000264860690268  -0.000000000004433  -0.000000000022186
   0.000000000005104   0.000220041898296   0.000042649077134
   0.000000000021252   0.000042648513143   0.000458843418322
  
          -2           0          -2
   0.000195071685781  -0.000041879263051  -0.000034670932734
  -0.000041879209629   0.000019178646136  -0.000071909148630
  -0.000034670989058  -0.000071909147252  -0.000051683343312
  
          -2           0          -1
   0.000019178646359   0.000071909183965  -0.000041879253430
   0.000071909111898  -0.000051683342966   0.000034670942522
  -0.000041879220058   0.000034670978273   0.000195071685213
  
          -2           0           0
   0.000207200316689  -0.001017265212305  -0.000000000001837
  -0.001017265250788   0.001906439230974  -0.000000000000430
   0.000000000001212   0.000000000001156   0.001280555061252
  
          -2           0           1
   0.000251952708247  -0.000351014282166   0.001187889216777
  -0.000351014297345   0.000107937074417  -0.001155501448689
   0.001187889181622  -0.001155501427308  -0.000718949285422
  
          -2           0           2
   0.001280555061348  -0.000000000000832  -0.000000000000207
   0.000000000001338   0.000207200315227   0.001017265234818
  -0.000000000001038   0.001017265225897   0.001906439232342
  
          -2           1          -2
  -0.000033828896107  -0.000038610356710  -0.000038610891855
  -0.000038610828848  -0.000033828895791   0.000038610618133
  -0.000038610294324   0.000038610568090  -0.000033828895056
  
          -2           1          -1
   0.000220041898751  -0.000042648966109  -0.000000000010113
  -0.000042648624254   0.000458843418227  -0.000000000003108
   0.000000000010196   0.000000000002622   0.000264860689912
  
          -2           1           0
   0.000107937073672   0.001155501446061   0.000351014295783
   0.001155501431519  -0.000718949284925   0.001187889197174
   0.000351014282290   0.001187889200237   0.000251952708495
  
          -2           1           1
  -0.000718949284185  -0.001187889210021  -0.001155501427698
  -0.001187889187351   0.000251952706578   0.000351014286979
  -0.001155501449696   0.000351014290706   0.000107937074850
  
          -2           1           2
  -0.000158550556111   0.000000000016528  -0.000000000018204
  -0.000000000016205   0.000265817175027   0.000301675560298
   0.000000000017903   0.000301675581729   0.000127577889757
  
          -2           2          -2
  -0.000161912685171   0.000000001276466  -0.000000000546975
  -0.000000001278168   0.000030528939068  -0.000000000000504
   0.000000000547792   0.000000000000203  -0.000194057988767
  
          -2           2          -1
   0.000127577889256  -0.000000000041996   0.000301675765313
   0.000000000042598  -0.000158550556025  -0.000000000020314
   0.000301675376070   0.000000000019823   0.000265817175444
  
          -2           2           0
   0.001906439231618   0.000000000000547   0.001017265231982
  -0.000000000001832   0.001280555061621   0.000000000001743
   0.001017265229582  -0.000000000000893   0.000207200315677
  
          -2           2           1
   0.000458843417946  -0.000000000064219   0.000042648523680
   0.000000000063537   0.000264860690134   0.000000000006276
   0.000042649066274  -0.000000000006147   0.000220041898807
  
          -2           2           2
   0.000030528939162   0.000000000002335   0.000000000436016
  -0.000000000000327  -0.000194057988524   0.000000000597480
  -0.000000000437664  -0.000000000596475  -0.000161912685505
  
          -1          -2          -2
   0.000019178646620  -0.000071909106160   0.000041879240180
  -0.000071909189127  -0.000051683343530   0.000034670975070
   0.000041879231721   0.000034670945699   0.000195071685519
  
          -1          -2          -1
   0.000197346709421  -0.000005487013128  -0.000005487011074
  -0.000005487010651   0.000197346709657   0.000005487011429
  -0.000005487012447   0.000005487010868   0.000197346709797
  
          -1          -2           0
   0.000195071685646  -0.000041879203688   0.000034670962762
  -0.000041879268408   0.000019178646252   0.000071909144323
   0.000034670959096   0.000071909150485  -0.000051683343291
  
          -1          -2           1
   0.000264860690247  -0.000000000005674   0.000000000019114
   0.000000000005262   0.000220041899366  -0.000042649091806
  -0.000000000020196  -0.000042648496576   0.000458843417276
  
          -1          -2           2
   0.000265817175954   0.000301674933493  -0.000000000030398
   0.000301676206987   0.000127577888380   0.000000000009526
   0.000000000031140  -0.000000000010748  -0.000158550555662
  
          -1          -1          -2
   0.000197346709501  -0.000005487011071   0.000005487013081
  -0.000005487011992   0.000197346709505  -0.000005487012113
   0.000005487010405  -0.000005487011001   0.000197346709867
  
          -1          -1          -1
   0.000197346709429   0.000005487010352   0.000005487012915
   0.000005487012837   0.000197346709749   0.000005487011327
   0.000005487010049   0.000005487011632   0.000197346709695
  
          -1          -1           0
   0.000251952706971  -0.000351014276329  -0.001187889216293
  -0.000351014299251   0.000107937072590   0.001155501450443
  -0.001187889183751   0.001155501426256  -0.000718949282319
  
          -1          -1           1
   0.003011266706672  -0.000000000004629  -0.000000000000132
   0.000000000006144  -0.004007680126476  -0.000000000003033
  -0.000000000000503  -0.000000000000899   0.000059047650662
  
          -1          -1           2
   0.000251952706351   0.000351014284258  -0.001187889214955
   0.000351014294652   0.000107937075574  -0.001155501448769
  -0.001187889183137  -0.001155501427688  -0.000718949284683
  
          -1           0          -2
  -0.000051683343432  -0.000034670983660   0.000071909147049
  -0.000034670938293   0.000195071685543   0.000041879236466
   0.000071909148167   0.000041879235746   0.000019178646497
  
          -1           0          -1
   0.000107937073902   0.001155501445298  -0.000351014293834
   0.001155501431385  -0.000718949282886  -0.001187889198820
  -0.000351014281962  -0.001187889201806   0.000251952706228
  
          -1           0           0
   0.001532195799662  -0.026743945330907  -0.000000000014472
  -0.026743945344458   0.033200269682136   0.000000000025606
  -0.000000000015876   0.000000000025609  -0.010349549115289
  
          -1           0           1
  -0.010349549114807   0.000000000004122   0.000000000004138
   0.000000000001684   0.001532195764165   0.026743945317795
   0.000000000002795   0.026743945316125   0.033200269717149
  
          -1           0           2
  -0.000718949283892   0.001187889209783   0.001155501426662
   0.001187889186746   0.000251952707573   0.000351014287852
   0.001155501451332   0.000351014288905   0.000107937073558
  
          -1           1          -2
   0.000127577888405  -0.000000000042229  -0.000301675802830
   0.000000000043650  -0.000158550556262   0.000000000019629
  -0.000301675338251  -0.000000000020358   0.000265817176530
  
          -1           1          -1
  -0.004007680126831  -0.000000000002328  -0.000000000005886
  -0.000000000000357   0.000059047650573  -0.000000000001300
   0.000000000007861  -0.000000000001135   0.003011266707116
  
          -1           1           0
   0.033200269700085  -0.000000000004829   0.026743945328143
  -0.000000000007819  -0.010349549114469  -0.000000000002940
   0.026743945324608   0.000000000000176   0.001532195780893
  
          -1           1           1
   0.000059047650521   0.000000000000287  -0.000000000001242
  -0.000000000000815   0.003011266706730   0.000000000013584
  -0.000000000000004  -0.000000000006240  -0.004007680126393
  
          -1           1           2
   0.000458843417379   0.000000000063800  -0.000042648509245
  -0.000000000063132   0.000264860690218   0.000000000006863
  -0.000042649079798  -0.000000000007293   0.000220041899291
  
          -1           2          -2
   0.000220041899235   0.000042648990956  -0.000000000008944
   0.000042648596109   0.000458843417058   0.000000000001032
   0.000000000008945  -0.000000000001778   0.000264860690594
  
          -1           2          -1
   0.000107937073870  -0.001155501445988   0.000351014288980
  -0.001155501430403  -0.000718949283251  -0.001187889197488
   0.000351014288037  -0.001187889201350   0.000251952706623
  
          -1           2           0
  -0.000718949284797   0.001187889211954  -0.001155501424981
   0.001187889186627   0.000251952708050  -0.000351014289454
  -0.001155501450433  -0.000351014289240   0.000107937073990
  
          -1           2           1
  -0.000158550556079  -0.000000000016943  -0.000000000017519
   0.000000000015807   0.000265817176781  -0.000301675547830
   0.000000000016499  -0.000301675592742   0.000127577887972
  
          -1           2           2
  -0.000033828896498   0.000038610367555  -0.000038610245974
   0.000038610818842  -0.000033828895442  -0.000038610634339
  -0.000038610940595  -0.000038610553415  -0.000033828895014
  
           0          -2          -2
   0.000019178646416  -0.000071909168980  -0.000041879231768
  -0.000071909126290  -0.000051683343708  -0.000034670946461
  -0.000041879240249  -0.000034670975458   0.000195071685898
  
           0          -2          -1
   0.000195071685492   0.000041879270172  -0.000034670956720
   0.000041879203273   0.000019178646867   0.000071909154934
  -0.000034670964306   0.000071909140765  -0.000051683343750
  
           0          -2           0
   0.001280555061725  -0.000000000000986   0.000000000000103
   0.000000000001047   0.000207200317084  -0.001017265239559
   0.000000000000494  -0.001017265223606   0.001906439230108
  
           0          -2           1
   0.000251952707698   0.000351014278439   0.001187889214714
   0.000351014298130   0.000107937072756   0.001155501450091
   0.001187889182288   0.001155501426565  -0.000718949283212
  
           0          -2           2
   0.000207200315698   0.001017265203134   0.000000000002154
   0.001017265258118   0.001906439231504  -0.000000000000819
  -0.000000000001283   0.000000000000561   0.001280555061714
  
           0          -1          -2
  -0.000051683343529   0.000034670942018   0.000071909118377
   0.000034670978864   0.000195071685649  -0.000041879238336
   0.000071909177134  -0.000041879234472   0.000019178646490
  
           0          -1          -1
  -0.000718949283300  -0.001187889188004   0.001155501449333
  -0.001187889212722   0.000251952707161  -0.000351014287525
   0.001155501425628  -0.000351014289337   0.000107937073382
  
           0          -1           0
  -0.010349549114993  -0.000000000005697   0.000000000010745
  -0.000000000007326   0.001532195816408  -0.026743945348772
   0.000000000013465  -0.026743945345983   0.033200269665094
  
           0          -1           1
   0.001532195780557   0.026743945318726   0.000000000010978
   0.026743945334696   0.033200269700029   0.000000000015612
   0.000000000011480   0.000000000017222  -0.010349549114076
  
           0          -1           2
   0.000107937073730  -0.001155501430343  -0.000351014291437
  -0.001155501445737  -0.000718949285088   0.001187889200395
  -0.000351014287560   0.001187889197142   0.000251952708602
  
           0           0          -2
   0.001906439230939   0.000000000001657  -0.001017265246974
  -0.000000000000172   0.001280555061521  -0.000000000001516
  -0.001017265215820   0.000000000001760   0.000207200316455
  
           0           0          -1
   0.033200269681785   0.000000000022846  -0.026743945341325
   0.000000000017721  -0.010349549115137  -0.000000000008472
  -0.026743945335124  -0.000000000013065   0.001532195799859
  
           0           0           0
   4.662630037211963  -0.000000000001647  -0.000000000000623
  -0.000000000001647   4.662630037211788  -0.000000000000160
  -0.000000000000623  -0.000000000000160   4.662630037212057
  
           0           0           1
   0.033200269681785   0.000000000017721  -0.026743945335124
   0.000000000022846  -0.010349549115137  -0.000000000013065
  -0.026743945341325  -0.000000000008472   0.001532195799859
  
           0           0           2
   0.001906439230939  -0.000000000000172  -0.001017265215820
   0.000000000001657   0.001280555061521   0.000000000001760
  -0.001017265246974  -0.000000000001516   0.000207200316455
  
           0           1          -2
   0.000107937073730  -0.001155501445737  -0.000351014287560
  -0.001155501430343  -0.000718949285088   0.001187889197142
  -0.000351014291437   0.001187889200395   0.000251952708602
  
           0           1          -1
   0.001532195780557   0.026743945334696   0.000000000011480
   0.026743945318726   0.033200269700029   0.000000000017222
   0.000000000010978   0.000000000015612  -0.010349549114076
  
           0           1           0
  -0.010349549114993  -0.000000000007326   0.000000000013465
  -0.000000000005697   0.001532195816408  -0.026743945345983
   0.000000000010745  -0.026743945348772   0.033200269665094
  
           0           1           1
  -0.000718949283300  -0.001187889212722   0.001155501425628
  -0.001187889188004   0.000251952707160  -0.000351014289337
   0.001155501449333  -0.000351014287525   0.000107937073382
  
           0           1           2
  -0.000051683343529   0.000034670978864   0.000071909177134
   0.000034670942018   0.000195071685649  -0.000041879234472
   0.000071909118377  -0.000041879238336   0.000019178646490
  
           0           2          -2
   0.000207200315698   0.001017265258118  -0.000000000001283
   0.001017265203134   0.001906439231504   0.000000000000561
   0.000000000002154  -0.000000000000819   0.001280555061714
  
           0           2          -1
   0.000251952707698   0.000351014298130   0.001187889182288
   0.000351014278439   0.000107937072756   0.001155501426565
   0.001187889214714   0.001155501450091  -0.000718949283212
  
           0           2           0
   0.001280555061725   0.000000000001047   0.000000000000494
  -0.000000000000986   0.000207200317084  -0.001017265223606
   0.000000000000103  -0.001017265239559   0.001906439230108
  
           0           2           1
   0.000195071685492   0.000041879203274  -0.000034670964306
   0.000041879270172   0.000019178646867   0.000071909140765
  -0.000034670956720   0.000071909154934  -0.000051683343750
  
           0           2           2
   0.000019178646416  -0.000071909126290  -0.000041879240249
  -0.000071909168980  -0.000051683343708  -0.000034670975458
  -0.000041879231768  -0.000034670946461   0.000195071685898
  
           1          -2          -2
  -0.000033828896498   0.000038610818842  -0.000038610940595
   0.000038610367555  -0.000033828895442  -0.000038610553415
  -0.000038610245974  -0.000038610634339  -0.000033828895014
  
           1          -2          -1
  -0.000158550556079   0.000000000015807   0.000000000016499
  -0.000000000016943   0.000265817176781  -0.000301675592742
  -0.000000000017519  -0.000301675547830   0.000127577887972
  
           1          -2           0
  -0.000718949284797   0.001187889186627  -0.001155501450433
   0.001187889211954   0.000251952708050  -0.000351014289240
  -0.001155501424981  -0.000351014289454   0.000107937073990
  
           1          -2           1
   0.000107937073870  -0.001155501430403   0.000351014288037
  -0.001155501445988  -0.000718949283251  -0.001187889201350
   0.000351014288980  -0.001187889197488   0.000251952706623
  
           1          -2           2
   0.000220041899234   0.000042648596109   0.000000000008945
   0.000042648990956   0.000458843417058  -0.000000000001778
  -0.000000000008944   0.000000000001032   0.000264860690594
  
           1          -1          -2
   0.000458843417379  -0.000000000063132  -0.000042649079798
   0.000000000063800   0.000264860690218  -0.000000000007293
  -0.000042648509245   0.000000000006863   0.000220041899291
  
           1          -1          -1
   0.000059047650521  -0.000000000000815  -0.000000000000004
   0.000000000000287   0.003011266706730  -0.000000000006240
  -0.000000000001242   0.000000000013584  -0.004007680126393
  
           1          -1           0
   0.033200269700085  -0.000000000007819   0.026743945324608
  -0.000000000004829  -0.010349549114469   0.000000000000176
   0.026743945328143  -0.000000000002940   0.001532195780893
  
           1          -1           1
  -0.004007680126831  -0.000000000000357   0.000000000007861
  -0.000000000002328   0.000059047650573  -0.000000000001135
  -0.000000000005886  -0.000000000001300   0.003011266707116
  
           1          -1           2
   0.000127577888405   0.000000000043650  -0.000301675338251
  -0.000000000042229  -0.000158550556262  -0.000000000020358
  -0.000301675802830   0.000000000019629   0.000265817176530
  
           1           0          -2
  -0.000718949283892   0.001187889186746   0.001155501451332
   0.001187889209783   0.000251952707574   0.000351014288905
   0.001155501426662   0.000351014287852   0.000107937073558
  
           1           0          -1
  -0.010349549114807   0.000000000001684   0.000000000002795
   0.000000000004122   0.001532195764165   0.026743945316125
   0.000000000004138   0.026743945317795   0.033200269717149
  
           1           0           0
   0.001532195799662  -0.026743945344458  -0.000000000015876
  -0.026743945330907   0.033200269682136   0.000000000025609
  -0.000000000014472   0.000000000025606  -0.010349549115289
  
           1           0           1
   0.000107937073903   0.001155501431385  -0.000351014281962
   0.001155501445298  -0.000718949282886  -0.001187889201806
  -0.000351014293834  -0.001187889198820   0.000251952706228
  
           1           0           2
  -0.000051683343432  -0.000034670938293   0.000071909148167
  -0.000034670983660   0.000195071685543   0.000041879235746
   0.000071909147049   0.000041879236466   0.000019178646497
  
           1           1          -2
   0.000251952706351   0.000351014294652  -0.001187889183137
   0.000351014284258   0.000107937075574  -0.001155501427688
  -0.001187889214955  -0.001155501448769  -0.000718949284683
  
           1           1          -1
   0.003011266706672   0.000000000006144  -0.000000000000503
  -0.000000000004629  -0.004007680126477  -0.000000000000899
  -0.000000000000132  -0.000000000003033   0.000059047650662
  
           1           1           0
   0.000251952706971  -0.000351014299251  -0.001187889183751
  -0.000351014276329   0.000107937072591   0.001155501426256
  -0.001187889216293   0.001155501450443  -0.000718949282319
  
           1           1           1
   0.000197346709429   0.000005487012837   0.000005487010049
   0.000005487010352   0.000197346709749   0.000005487011633
   0.000005487012915   0.000005487011327   0.000197346709695
  
           1           1           2
   0.000197346709501  -0.000005487011992   0.000005487010405
  -0.000005487011071   0.000197346709505  -0.000005487011001
   0.000005487013081  -0.000005487012113   0.000197346709866
  
           1           2          -2
   0.000265817175954   0.000301676206987   0.000000000031140
   0.000301674933493   0.000127577888380  -0.000000000010748
  -0.000000000030398   0.000000000009527  -0.000158550555662
  
           1           2          -1
   0.000264860690247   0.000000000005262  -0.000000000020197
  -0.000000000005674   0.000220041899366  -0.000042648496576
   0.000000000019114  -0.000042649091806   0.000458843417276
  
           1           2           0
   0.000195071685646  -0.000041879268408   0.000034670959096
  -0.000041879203688   0.000019178646252   0.000071909150485
   0.000034670962762   0.000071909144323  -0.000051683343291
  
           1           2           1
   0.000197346709421  -0.000005487010651  -0.000005487012447
  -0.000005487013128   0.000197346709657   0.000005487010868
  -0.000005487011073   0.000005487011429   0.000197346709797
  
           1           2           2
   0.000019178646619  -0.000071909189127   0.000041879231721
  -0.000071909106160  -0.000051683343530   0.000034670945699
   0.000041879240180   0.000034670975070   0.000195071685519
  
           2          -2          -2
   0.000030528939162  -0.000000000000327  -0.000000000437664
   0.000000000002335  -0.000194057988524  -0.000000000596475
   0.000000000436016   0.000000000597480  -0.000161912685505
  
           2          -2          -1
   0.000458843417946   0.000000000063537   0.000042649066274
  -0.000000000064219   0.000264860690134  -0.000000000006147
   0.000042648523680   0.000000000006276   0.000220041898807
  
           2          -2           0
   0.001906439231618  -0.000000000001832   0.001017265229582
   0.000000000000547   0.001280555061621  -0.000000000000893
   0.001017265231982   0.000000000001743   0.000207200315677
  
           2          -2           1
   0.000127577889256   0.000000000042598   0.000301675376070
  -0.000000000041996  -0.000158550556025   0.000000000019823
   0.000301675765313  -0.000000000020314   0.000265817175444
  
           2          -2           2
  -0.000161912685171  -0.000000001278168   0.000000000547792
   0.000000001276466   0.000030528939068   0.000000000000203
  -0.000000000546975  -0.000000000000504  -0.000194057988767
  
           2          -1          -2
  -0.000158550556111  -0.000000000016205   0.000000000017903
   0.000000000016528   0.000265817175027   0.000301675581729
  -0.000000000018204   0.000301675560298   0.000127577889757
  
           2          -1          -1
  -0.000718949284185  -0.001187889187351  -0.001155501449696
  -0.001187889210021   0.000251952706578   0.000351014290706
  -0.001155501427698   0.000351014286979   0.000107937074850
  
           2          -1           0
   0.000107937073672   0.001155501431519   0.000351014282290
   0.001155501446061  -0.000718949284925   0.001187889200237
   0.000351014295783   0.001187889197174   0.000251952708495
  
           2          -1           1
   0.000220041898751  -0.000042648624254   0.000000000010196
  -0.000042648966109   0.000458843418227   0.000000000002622
  -0.000000000010113  -0.000000000003108   0.000264860689912
  
           2          -1           2
  -0.000033828896107  -0.000038610828848  -0.000038610294324
  -0.000038610356710  -0.000033828895791   0.000038610568090
  -0.000038610891855   0.000038610618133  -0.000033828895056
  
           2           0          -2
   0.001280555061347   0.000000000001338  -0.000000000001038
  -0.000000000000832   0.000207200315227   0.001017265225897
  -0.000000000000207   0.001017265234818   0.001906439232342
  
           2           0          -1
   0.000251952708247  -0.000351014297345   0.001187889181622
  -0.000351014282166   0.000107937074417  -0.001155501427308
   0.001187889216777  -0.001155501448689  -0.000718949285422
  
           2           0           0
   0.000207200316689  -0.001017265250788   0.000000000001212
  -0.001017265212305   0.001906439230974   0.000000000001156
  -0.000000000001837  -0.000000000000430   0.001280555061252
  
           2           0           1
   0.000019178646359   0.000071909111898  -0.000041879220058
   0.000071909183965  -0.000051683342966   0.000034670978273
  -0.000041879253430   0.000034670942522   0.000195071685213
  
           2           0           2
   0.000195071685781  -0.000041879209629  -0.000034670989058
  -0.000041879263051   0.000019178646136  -0.000071909147252
  -0.000034670932734  -0.000071909148630  -0.000051683343312
  
           2           1          -2
   0.000264860690268   0.000000000005104   0.000000000021252
  -0.000000000004433   0.000220041898296   0.000042648513143
  -0.000000000022186   0.000042649077134   0.000458843418322
  
           2           1          -1
   0.000265817175903  -0.000301676191654  -0.000000000030692
  -0.000301674950090   0.000127577889012  -0.000000000010313
   0.000000000029586   0.000000000011133  -0.000158550556240
  
           2           1           0
   0.000019178646651   0.000071909164618   0.000041879253593
   0.000071909131773  -0.000051683343580  -0.000034670943276
   0.000041879219574  -0.000034670979026   0.000195071685534
  
           2           1           1
   0.000197346709831   0.000005487011105  -0.000005487012944
   0.000005487011607   0.000197346709284  -0.000005487011953
  -0.000005487010357  -0.000005487011975   0.000197346709759
  
           2           1           2
   0.000195071685461   0.000041879264035   0.000034670930562
   0.000041879208893   0.000019178646732  -0.000071909152024
   0.000034670990269  -0.000071909144115  -0.000051683343585
  
           2           2          -2
  -0.000194057988426   0.000000000369968   0.000000000001178
  -0.000000000371942  -0.000161912685470   0.000000000045554
  -0.000000000001657  -0.000000000044368   0.000030528939026
  
           2           2          -1
  -0.000033828894558  -0.000038610838703   0.000038610934340
  -0.000038610348797  -0.000033828895819  -0.000038610614060
   0.000038610251251  -0.000038610573927  -0.000033828896573
  
           2           2           0
  -0.000051683343362  -0.000034670961175  -0.000071909138895
  -0.000034670960480   0.000195071685378  -0.000041879240799
  -0.000071909157140  -0.000041879231783   0.000019178646588
  
           2           2           1
  -0.000051683343406   0.000034670964372  -0.000071909127546
   0.000034670957636   0.000195071685597   0.000041879234509
  -0.000071909168673   0.000041879238370   0.000019178646417
  
           2           2           2
  -0.000033828895133   0.000038610338813   0.000038610896942
   0.000038610847799  -0.000033828895735   0.000038610555692
   0.000038610291412   0.000038610629459  -0.000033828896086
  
