          -2          -2          -2
  -0.000124081245842  -0.000045362399092  -0.000045362306037
  -0.000045362512099  -0.000124081245348  -0.000045362516082
  -0.000045362610238  -0.000045362424130  -0.000124081246115
  
          -2          -2          -1
  -0.000115735419478  -0.000002142060577   0.000016699354808
  -0.000002142063053   0.000190426344191   0.000028307939765
   0.000016699341094   0.000028307948649  -0.000002052184285
  
          -2          -2           0
  -0.000115735418931   0.000002142070102   0.000016699349562
   0.000002142066058   0.000190426343840  -0.000028307946505
   0.000016699337365  -0.000028307944823  -0.000002052184478
  
          -2          -2           1
  -0.000124081245816   0.000045362515015  -0.000045362320945
   0.000045362405982  -0.000124081245831   0.000045362376820
  -0.000045362611507   0.000045362527214  -0.000124081245658
  
          -2          -2           2
   0.000200773951124  -0.000000000126911   0.000000000002062
   0.000000000095595   0.000001811772203   0.000000000103647
   0.000000000002796  -0.000000000095683   0.000006197946959
  
          -2          -1          -2
   0.000190426343536   0.000028307944681  -0.000002142079123
   0.000028307945051  -0.000002052183947   0.000016699346195
  -0.000002142064891   0.000016699342116  -0.000115735419157
  
          -2          -1          -1
   0.000120234956033  -0.000230241496708   0.000230241502596
  -0.000230241498546   0.000120234953745   0.000230241485473
   0.000230241500194   0.000230241487600   0.000120234954619
  
          -2          -1           0
  -0.000002052184317  -0.000016699342772   0.000028307948768
  -0.000016699350270  -0.000115735419300   0.000002142053194
   0.000028307945224   0.000002142064192   0.000190426344046
  
          -2          -1           1
   0.000365312468853  -0.000450881974702  -0.000000000003412
  -0.000450881894436  -0.000149295178776  -0.000000000005847
  -0.000000000006242   0.000000000002815  -0.000391742355776
  
          -2          -1           2
   0.000298113052577   0.000000000001806  -0.000000000007179
   0.000000000007113  -0.000282503067980   0.000167630166997
  -0.000000000013797   0.000167629907216   0.000395400081262
  
          -2           0          -2
   0.000190426344494  -0.000028307936244   0.000002142055066
  -0.000028307939391  -0.000002052184458   0.000016699345695
   0.000002142068711   0.000016699358187  -0.000115735419608
  
          -2           0          -1
  -0.000002052184650  -0.000016699349963  -0.000028307954164
  -0.000016699349308  -0.000115735418815  -0.000002142072721
  -0.000028307955556  -0.000002142061427   0.000190426343892
  
          -2           0           0
  -0.000025700067802  -0.001309728165393  -0.000000000004221
  -0.001309728159919   0.002315382744286  -0.000000000008837
  -0.000000000005446  -0.000000000009373   0.001579965201777
  
          -2           0           1
   0.000574039459088  -0.000367493042651   0.001683878289846
  -0.000367493041172   0.000394777370733  -0.001466489957313
   0.001683878307500  -0.001466489948026  -0.000610812055330
  
          -2           0           2
   0.001579965201544   0.000000000010107  -0.000000000000738
   0.000000000009739  -0.000025700072754   0.001309728155806
  -0.000000000001934   0.001309728143009   0.002315382749469
  
          -2           1          -2
  -0.000124081245483   0.000045362503815   0.000045362614680
   0.000045362420712  -0.000124081245730  -0.000045362549908
   0.000045362312844  -0.000045362399976  -0.000124081246088
  
          -2           1          -1
  -0.000282503067497  -0.000167630086283   0.000000000000971
  -0.000167629982376   0.000395400081127  -0.000000000017335
   0.000000000003399   0.000000000000064   0.000298113052230
  
          -2           1           0
   0.000394777367075   0.001466489951852   0.000367493033665
   0.001466489950639  -0.000610812047970   0.001683878297382
   0.000367493037579   0.001683878288673   0.000574039455387
  
          -2           1           1
  -0.000610812048565  -0.001683878297612  -0.001466489953439
  -0.001683878289668   0.000574039449447   0.000367493042758
  -0.001466489950928   0.000367493038906   0.000394777373608
  
          -2           1           2
  -0.000391742355431   0.000000000004916  -0.000000000005753
  -0.000000000010452   0.000365312466884   0.000450881996525
  -0.000000000006898   0.000450881870336  -0.000149295177149
  
          -2           2          -2
   0.000001811771846  -0.000000000089659  -0.000000000012239
   0.000000000031575   0.000006197947302  -0.000000000000367
  -0.000000000007551  -0.000000000001635   0.000200773951138
  
          -2           2          -1
  -0.000149295176571  -0.000000000013868   0.000450881905551
  -0.000000000011905  -0.000391742355903  -0.000000000024545
   0.000450881934447   0.000000000010359   0.000365312466777
  
          -2           2           0
   0.002315382750106  -0.000000000009820   0.001309728140854
  -0.000000000010532   0.001579965201787  -0.000000000011847
   0.001309728143147  -0.000000000010357  -0.000025700073633
  
          -2           2           1
   0.000395400081573  -0.000000000000866   0.000167630022217
  -0.000000000015991   0.000298113052180  -0.000000000003939
   0.000167630023530  -0.000000000013957  -0.000282503067889
  
          -2           2           2
   0.000006197947090  -0.000000000006827  -0.000000000023078
  -0.000000000008193   0.000200773951377   0.000000000270034
   0.000000000012414  -0.000000000237152   0.000001811771819
  
          -1          -2          -2
  -0.000002052184537   0.000016699350857   0.000028307936324
   0.000016699348123  -0.000115735418991  -0.000002142064143
   0.000028307934095  -0.000002142085380   0.000190426343956
  
          -1          -2          -1
   0.000120234953481   0.000230241494729   0.000230241496148
   0.000230241495137   0.000120234955747  -0.000230241513006
   0.000230241493482  -0.000230241511784   0.000120234955168
  
          -1          -2           0
   0.000190426344114  -0.000028307939831  -0.000002142071688
  -0.000028307937917  -0.000002052184566  -0.000016699363777
  -0.000002142056701  -0.000016699360443  -0.000115735419117
  
          -1          -2           1
   0.000298113052016   0.000000000011389  -0.000000000001406
   0.000000000017222  -0.000282503067687  -0.000167630128923
   0.000000000007265  -0.000167629878422   0.000395400081535
  
          -1          -2           2
   0.000365312463972   0.000450881945921  -0.000000000006599
   0.000450881886304  -0.000149295173687  -0.000000000005772
  -0.000000000004425   0.000000000003385  -0.000391742355982
  
          -1          -1          -2
   0.000120234954290   0.000230241512660  -0.000230241497277
   0.000230241511112   0.000120234955693   0.000230241498722
  -0.000230241498547   0.000230241497636   0.000120234954412
  
          -1          -1          -1
   0.000120234955774  -0.000230241493734  -0.000230241502188
  -0.000230241492093   0.000120234953163  -0.000230241500477
  -0.000230241506408  -0.000230241500618   0.000120234955461
  
          -1          -1           0
   0.000574039460525  -0.000367493050382  -0.001683878297075
  -0.000367493050063   0.000394777373895   0.001466489933555
  -0.001683878312774   0.001466489923546  -0.000610812059926
  
          -1          -1           1
   0.003635677261449   0.000000000000677  -0.000000000004148
   0.000000000007125  -0.006070891215514   0.000000000006021
  -0.000000000005043   0.000000000007838  -0.000295354420049
  
          -1          -1           2
   0.000574039455961   0.000367493053422  -0.001683878276625
   0.000367493050017   0.000394777374270  -0.001466489963275
  -0.001683878295663  -0.001466489949814  -0.000610812055741
  
          -1           0          -2
  -0.000115735419451   0.000002142055581  -0.000016699353254
   0.000002142065817   0.000190426344138   0.000028307935370
  -0.000016699363734   0.000028307928364  -0.000002052184259
  
          -1           0          -1
   0.000394777366358   0.001466489954492  -0.000367493038200
   0.001466489947108  -0.000610812051539  -0.001683878305521
  -0.000367493042677  -0.001683878295345   0.000574039459672
  
          -1           0           0
   0.002605805244469  -0.029889854941386   0.000000000024860
  -0.029889854935996   0.037238902367736  -0.000000000036099
   0.000000000021825  -0.000000000036563  -0.012016129158503
  
          -1           0           1
  -0.012016129159093  -0.000000000035805  -0.000000000092489
  -0.000000000038416   0.002605805124870   0.029889854883641
  -0.000000000090875   0.029889854878642   0.037238902487922
  
          -1           0           2
  -0.000610812066747   0.001683878287119   0.001466489930870
   0.001683878282973   0.000574039466844   0.000367493041881
   0.001466489930342   0.000367493040415   0.000394777374393
  
          -1           1          -2
  -0.000149295175777  -0.000000000009106  -0.000450881918969
  -0.000000000005351  -0.000391742355892   0.000000000017260
  -0.000450881943139  -0.000000000019478   0.000365312465970
  
          -1           1          -1
  -0.006070891214113  -0.000000000048937  -0.000000000014739
  -0.000000000052411  -0.000295354420952  -0.000000000005242
  -0.000000000008359  -0.000000000007780   0.003635677260955
  
          -1           1           0
   0.037238902513622   0.000000000128927   0.029889854842005
   0.000000000127075  -0.012016129158834   0.000000000070961
   0.029889854845764   0.000000000076118   0.002605805098913
  
          -1           1           1
  -0.000295354420030  -0.000000000017800   0.000000000004454
  -0.000000000019990   0.003635677260799   0.000000000008366
   0.000000000002357  -0.000000000003750  -0.006070891214883
  
          -1           1           2
   0.000395400081655  -0.000000000010081  -0.000167630019147
   0.000000000005570   0.000298113052109   0.000000000003399
  -0.000167630017394  -0.000000000007235  -0.000282503067903
  
          -1           2          -2
  -0.000282503067989   0.000167630062377   0.000000000001463
   0.000167629951353   0.000395400081804  -0.000000000001238
   0.000000000002425  -0.000000000015536   0.000298113052047
  
          -1           2          -1
   0.000394777381956  -0.001466489929108   0.000367493054540
  -0.001466489924453  -0.000610812067723  -0.001683878293924
   0.000367493052358  -0.001683878287455   0.000574039460257
  
          -1           2           0
  -0.000610812065262   0.001683878297287  -0.001466489946153
   0.001683878290813   0.000574039465475  -0.000367493052508
  -0.001466489950426  -0.000367493048981   0.000394777374275
  
          -1           2           1
  -0.000391742355831  -0.000000000013870  -0.000000000007467
   0.000000000001321   0.000365312465824  -0.000450881958112
  -0.000000000009791  -0.000450881876468  -0.000149295175689
  
          -1           2           2
  -0.000124081245986  -0.000045362504080   0.000045362311815
  -0.000045362427213  -0.000124081245641   0.000045362493993
   0.000045362599402   0.000045362400419  -0.000124081245678
  
           0          -2          -2
  -0.000002052183963   0.000016699369392  -0.000028307939951
   0.000016699363209  -0.000115735419149   0.000002142076049
  -0.000028307945023   0.000002142056444   0.000190426343540
  
           0          -2          -1
   0.000190426343298   0.000028307958440   0.000002142062055
   0.000028307957022  -0.000002052183802  -0.000016699357294
   0.000002142076032  -0.000016699351525  -0.000115735419070
  
           0          -2           0
   0.001579965201991   0.000000000004145  -0.000000000001195
   0.000000000003748  -0.000025700075763  -0.001309728133270
  -0.000000000001626  -0.001309728125950   0.002315382752034
  
           0          -2           1
   0.000574039454867   0.000367493040837   0.001683878270233
   0.000367493038102   0.000394777378850   0.001466489938502
   0.001683878285878   0.001466489925814  -0.000610812059225
  
           0          -2           2
  -0.000025700081476   0.001309728113183  -0.000000000005995
   0.001309728118448   0.002315382757904  -0.000000000008536
  -0.000000000005632  -0.000000000008142   0.001579965201834
  
           0          -1          -2
  -0.000115735419464  -0.000002142081285  -0.000016699357517
  -0.000002142071348   0.000190426343858  -0.000028307957907
  -0.000016699368744  -0.000028307958480  -0.000002052183963
  
           0          -1          -1
  -0.000610812049920  -0.001683878291218   0.001466489940350
  -0.001683878297047   0.000574039448266  -0.000367493050723
   0.001466489937254  -0.000367493052561   0.000394777376145
  
           0          -1           0
  -0.012016129157603  -0.000000000017525   0.000000000071534
  -0.000000000022516   0.002605805050889  -0.029889854805369
   0.000000000072074  -0.029889854806407   0.037238902560414
  
           0          -1           1
   0.002605804931367   0.029889854748127  -0.000000000016099
   0.029889854747348   0.037238902679797  -0.000000000026404
  -0.000000000012220  -0.000000000025863  -0.012016129157465
  
           0          -1           2
   0.000394777383204  -0.001466489936597  -0.000367493053894
  -0.001466489943966  -0.000610812063819   0.001683878279325
  -0.000367493055755   0.001683878284494   0.000574039455104
  
           0           0          -2
   0.002315382750870  -0.000000000001025  -0.001309728138628
  -0.000000000001454   0.001579965202386  -0.000000000004320
  -0.001309728134767  -0.000000000005155  -0.000025700074995
  
           0           0          -1
   0.037238902534019   0.000000000095500  -0.029889854841411
   0.000000000096537  -0.012016129157612  -0.000000000075746
  -0.029889854842493  -0.000000000081316   0.002605805077292
  
           0           0           0
   4.880396099126519  -0.000000000041286  -0.000000000008506
  -0.000000000041286   4.880396099128597   0.000000000004683
  -0.000000000008506   0.000000000004683   4.880396099128181
  
           0           0           1
   0.037238902534019   0.000000000096537  -0.029889854842493
   0.000000000095500  -0.012016129157612  -0.000000000081316
  -0.029889854841411  -0.000000000075746   0.002605805077292
  
           0           0           2
   0.002315382750870  -0.000000000001454  -0.001309728134767
  -0.000000000001025   0.001579965202386  -0.000000000005155
  -0.001309728138628  -0.000000000004320  -0.000025700074995
  
           0           1          -2
   0.000394777383204  -0.001466489943966  -0.000367493055755
  -0.001466489936597  -0.000610812063819   0.001683878284494
  -0.000367493053894   0.001683878279325   0.000574039455104
  
           0           1          -1
   0.002605804931367   0.029889854747348  -0.000000000012220
   0.029889854748127   0.037238902679797  -0.000000000025863
  -0.000000000016099  -0.000000000026404  -0.012016129157465
  
           0           1           0
  -0.012016129157603  -0.000000000022516   0.000000000072074
  -0.000000000017525   0.002605805050889  -0.029889854806407
   0.000000000071534  -0.029889854805369   0.037238902560414
  
           0           1           1
  -0.000610812049920  -0.001683878297047   0.001466489937254
  -0.001683878291218   0.000574039448266  -0.000367493052561
   0.001466489940350  -0.000367493050723   0.000394777376145
  
           0           1           2
  -0.000115735419464  -0.000002142071348  -0.000016699368744
  -0.000002142081285   0.000190426343858  -0.000028307958480
  -0.000016699357517  -0.000028307957907  -0.000002052183963
  
           0           2          -2
  -0.000025700081476   0.001309728118448  -0.000000000005632
   0.001309728113183   0.002315382757904  -0.000000000008142
  -0.000000000005995  -0.000000000008536   0.001579965201835
  
           0           2          -1
   0.000574039454867   0.000367493038102   0.001683878285878
   0.000367493040837   0.000394777378850   0.001466489925814
   0.001683878270233   0.001466489938502  -0.000610812059225
  
           0           2           0
   0.001579965201992   0.000000000003748  -0.000000000001626
   0.000000000004145  -0.000025700075763  -0.001309728125950
  -0.000000000001195  -0.001309728133270   0.002315382752034
  
           0           2           1
   0.000190426343298   0.000028307957022   0.000002142076032
   0.000028307958440  -0.000002052183802  -0.000016699351525
   0.000002142062055  -0.000016699357294  -0.000115735419071
  
           0           2           2
  -0.000002052183963   0.000016699363209  -0.000028307945023
   0.000016699369392  -0.000115735419149   0.000002142056444
  -0.000028307939951   0.000002142076049   0.000190426343540
  
           1          -2          -2
  -0.000124081245986  -0.000045362427213   0.000045362599402
  -0.000045362504080  -0.000124081245641   0.000045362400419
   0.000045362311815   0.000045362493993  -0.000124081245678
  
           1          -2          -1
  -0.000391742355831   0.000000000001321  -0.000000000009791
  -0.000000000013870   0.000365312465824  -0.000450881876468
  -0.000000000007467  -0.000450881958112  -0.000149295175689
  
           1          -2           0
  -0.000610812065262   0.001683878290813  -0.001466489950426
   0.001683878297287   0.000574039465475  -0.000367493048981
  -0.001466489946153  -0.000367493052508   0.000394777374275
  
           1          -2           1
   0.000394777381956  -0.001466489924453   0.000367493052358
  -0.001466489929108  -0.000610812067723  -0.001683878287455
   0.000367493054540  -0.001683878293924   0.000574039460257
  
           1          -2           2
  -0.000282503067989   0.000167629951353   0.000000000002425
   0.000167630062377   0.000395400081804  -0.000000000015536
   0.000000000001463  -0.000000000001238   0.000298113052047
  
           1          -1          -2
   0.000395400081655   0.000000000005570  -0.000167630017394
  -0.000000000010081   0.000298113052109  -0.000000000007235
  -0.000167630019147   0.000000000003399  -0.000282503067903
  
           1          -1          -1
  -0.000295354420030  -0.000000000019990   0.000000000002357
  -0.000000000017800   0.003635677260799  -0.000000000003750
   0.000000000004454   0.000000000008366  -0.006070891214883
  
           1          -1           0
   0.037238902513622   0.000000000127075   0.029889854845764
   0.000000000128927  -0.012016129158834   0.000000000076118
   0.029889854842005   0.000000000070961   0.002605805098913
  
           1          -1           1
  -0.006070891214113  -0.000000000052411  -0.000000000008359
  -0.000000000048937  -0.000295354420952  -0.000000000007780
  -0.000000000014739  -0.000000000005242   0.003635677260955
  
           1          -1           2
  -0.000149295175777  -0.000000000005351  -0.000450881943139
  -0.000000000009106  -0.000391742355892  -0.000000000019478
  -0.000450881918969   0.000000000017260   0.000365312465970
  
           1           0          -2
  -0.000610812066747   0.001683878282973   0.001466489930342
   0.001683878287119   0.000574039466844   0.000367493040415
   0.001466489930870   0.000367493041881   0.000394777374393
  
           1           0          -1
  -0.012016129159093  -0.000000000038416  -0.000000000090875
  -0.000000000035805   0.002605805124870   0.029889854878642
  -0.000000000092489   0.029889854883641   0.037238902487922
  
           1           0           0
   0.002605805244469  -0.029889854935996   0.000000000021825
  -0.029889854941386   0.037238902367736  -0.000000000036563
   0.000000000024860  -0.000000000036099  -0.012016129158503
  
           1           0           1
   0.000394777366358   0.001466489947108  -0.000367493042677
   0.001466489954492  -0.000610812051539  -0.001683878295345
  -0.000367493038200  -0.001683878305521   0.000574039459672
  
           1           0           2
  -0.000115735419451   0.000002142065817  -0.000016699363734
   0.000002142055581   0.000190426344138   0.000028307928364
  -0.000016699353254   0.000028307935370  -0.000002052184259
  
           1           1          -2
   0.000574039455961   0.000367493050017  -0.001683878295663
   0.000367493053422   0.000394777374270  -0.001466489949814
  -0.001683878276625  -0.001466489963275  -0.000610812055741
  
           1           1          -1
   0.003635677261449   0.000000000007125  -0.000000000005043
   0.000000000000677  -0.006070891215515   0.000000000007838
  -0.000000000004148   0.000000000006021  -0.000295354420049
  
           1           1           0
   0.000574039460525  -0.000367493050063  -0.001683878312774
  -0.000367493050382   0.000394777373895   0.001466489923546
  -0.001683878297075   0.001466489933555  -0.000610812059926
  
           1           1           1
   0.000120234955774  -0.000230241492093  -0.000230241506408
  -0.000230241493734   0.000120234953163  -0.000230241500618
  -0.000230241502188  -0.000230241500477   0.000120234955461
  
           1           1           2
   0.000120234954290   0.000230241511112  -0.000230241498547
   0.000230241512660   0.000120234955693   0.000230241497636
  -0.000230241497277   0.000230241498722   0.000120234954412
  
           1           2          -2
   0.000365312463972   0.000450881886304  -0.000000000004425
   0.000450881945921  -0.000149295173687   0.000000000003385
  -0.000000000006599  -0.000000000005772  -0.000391742355982
  
           1           2          -1
   0.000298113052016   0.000000000017222   0.000000000007265
   0.000000000011389  -0.000282503067687  -0.000167629878422
  -0.000000000001406  -0.000167630128923   0.000395400081535
  
           1           2           0
   0.000190426344114  -0.000028307937917  -0.000002142056701
  -0.000028307939831  -0.000002052184566  -0.000016699360443
  -0.000002142071688  -0.000016699363777  -0.000115735419117
  
           1           2           1
   0.000120234953481   0.000230241495137   0.000230241493482
   0.000230241494729   0.000120234955747  -0.000230241511784
   0.000230241496148  -0.000230241513006   0.000120234955168
  
           1           2           2
  -0.000002052184537   0.000016699348123   0.000028307934095
   0.000016699350857  -0.000115735418991  -0.000002142085380
   0.000028307936324  -0.000002142064143   0.000190426343956
  
           2          -2          -2
   0.000006197947090  -0.000000000008193   0.000000000012414
  -0.000000000006827   0.000200773951377  -0.000000000237152
  -0.000000000023078   0.000000000270034   0.000001811771819
  
           2          -2          -1
   0.000395400081573  -0.000000000015991   0.000167630023530
  -0.000000000000866   0.000298113052180  -0.000000000013957
   0.000167630022217  -0.000000000003939  -0.000282503067889
  
           2          -2           0
   0.002315382750106  -0.000000000010532   0.001309728143147
  -0.000000000009820   0.001579965201787  -0.000000000010357
   0.001309728140854  -0.000000000011847  -0.000025700073633
  
           2          -2           1
  -0.000149295176571  -0.000000000011905   0.000450881934447
  -0.000000000013868  -0.000391742355903   0.000000000010359
   0.000450881905551  -0.000000000024545   0.000365312466777
  
           2          -2           2
   0.000001811771846   0.000000000031575  -0.000000000007551
  -0.000000000089659   0.000006197947302  -0.000000000001635
  -0.000000000012239  -0.000000000000367   0.000200773951138
  
           2          -1          -2
  -0.000391742355431  -0.000000000010452  -0.000000000006898
   0.000000000004916   0.000365312466884   0.000450881870336
  -0.000000000005753   0.000450881996525  -0.000149295177149
  
           2          -1          -1
  -0.000610812048565  -0.001683878289668  -0.001466489950928
  -0.001683878297612   0.000574039449447   0.000367493038906
  -0.001466489953439   0.000367493042758   0.000394777373608
  
           2          -1           0
   0.000394777367075   0.001466489950639   0.000367493037579
   0.001466489951852  -0.000610812047970   0.001683878288673
   0.000367493033665   0.001683878297382   0.000574039455387
  
           2          -1           1
  -0.000282503067497  -0.000167629982376   0.000000000003399
  -0.000167630086283   0.000395400081127   0.000000000000064
   0.000000000000971  -0.000000000017335   0.000298113052230
  
           2          -1           2
  -0.000124081245483   0.000045362420712   0.000045362312844
   0.000045362503815  -0.000124081245730  -0.000045362399976
   0.000045362614680  -0.000045362549908  -0.000124081246088
  
           2           0          -2
   0.001579965201544   0.000000000009740  -0.000000000001934
   0.000000000010107  -0.000025700072754   0.001309728143009
  -0.000000000000738   0.001309728155806   0.002315382749469
  
           2           0          -1
   0.000574039459088  -0.000367493041172   0.001683878307500
  -0.000367493042651   0.000394777370733  -0.001466489948026
   0.001683878289846  -0.001466489957313  -0.000610812055330
  
           2           0           0
  -0.000025700067802  -0.001309728159919  -0.000000000005446
  -0.001309728165393   0.002315382744286  -0.000000000009373
  -0.000000000004221  -0.000000000008837   0.001579965201777
  
           2           0           1
  -0.000002052184650  -0.000016699349308  -0.000028307955556
  -0.000016699349963  -0.000115735418815  -0.000002142061427
  -0.000028307954164  -0.000002142072721   0.000190426343892
  
           2           0           2
   0.000190426344494  -0.000028307939392   0.000002142068711
  -0.000028307936244  -0.000002052184458   0.000016699358187
   0.000002142055066   0.000016699345695  -0.000115735419608
  
           2           1          -2
   0.000298113052577   0.000000000007113  -0.000000000013797
   0.000000000001806  -0.000282503067980   0.000167629907216
  -0.000000000007179   0.000167630166997   0.000395400081262
  
           2           1          -1
   0.000365312468854  -0.000450881894436  -0.000000000006242
  -0.000450881974702  -0.000149295178776   0.000000000002815
  -0.000000000003412  -0.000000000005847  -0.000391742355776
  
           2           1           0
  -0.000002052184317  -0.000016699350270   0.000028307945224
  -0.000016699342772  -0.000115735419300   0.000002142064192
   0.000028307948768   0.000002142053194   0.000190426344046
  
           2           1           1
   0.000120234956033  -0.000230241498546   0.000230241500194
  -0.000230241496708   0.000120234953745   0.000230241487600
   0.000230241502596   0.000230241485473   0.000120234954619
  
           2           1           2
   0.000190426343536   0.000028307945051  -0.000002142064891
   0.000028307944681  -0.000002052183947   0.000016699342116
  -0.000002142079123   0.000016699346195  -0.000115735419157
  
           2           2          -2
   0.000200773951124   0.000000000095595   0.000000000002796
  -0.000000000126911   0.000001811772203  -0.000000000095683
   0.000000000002062   0.000000000103647   0.000006197946959
  
           2           2          -1
  -0.000124081245816   0.000045362405982  -0.000045362611507
   0.000045362515015  -0.000124081245831   0.000045362527214
  -0.000045362320945   0.000045362376820  -0.000124081245658
  
           2           2           0
  -0.000115735418931   0.000002142066058   0.000016699337365
   0.000002142070102   0.000190426343840  -0.000028307944823
   0.000016699349562  -0.000028307946505  -0.000002052184478
  
           2           2           1
  -0.000115735419478  -0.000002142063053   0.000016699341094
  -0.000002142060577   0.000190426344191   0.000028307948649
   0.000016699354808   0.000028307939765  -0.000002052184285
  
           2           2           2
  -0.000124081245842  -0.000045362512099  -0.000045362610238
  -0.000045362399092  -0.000124081245348  -0.000045362424130
  -0.000045362306037  -0.000045362516082  -0.000124081246115
  
