          -2          -2          -2
  -0.000070539445817  -0.000075648194179  -0.000075649636986
  -0.000075648371376  -0.000070539444609  -0.000075647884159
  -0.000075646932321  -0.000075648682818  -0.000070539448442
  
          -2          -2          -1
   0.000019953943603   0.000030004302305   0.000026254483561
   0.000030004282331   0.000173109609727   0.000011741852567
   0.000026254632206   0.000011741799697  -0.000025441207577
  
          -2          -2           0
   0.000019953943648  -0.000030004285771   0.000026254538496
  -0.000030004298396   0.000173109609985  -0.000011741795294
   0.000026254576437  -0.000011741856706  -0.000025441207881
  
          -2          -2           1
  -0.000070539445749   0.000075648375492  -0.000075649701112
   0.000075648193324  -0.000070539447937   0.000075648766508
  -0.000075646863650   0.000075647801234  -0.000070539445180
  
          -2          -2           2
   0.000208477463607  -0.000000000355124   0.000000000000357
   0.000000000356693   0.000124205328931  -0.000000000959439
  -0.000000000001116   0.000000000960566   0.000118184385478
  
          -2          -1          -2
   0.000173109610129   0.000011741760325   0.000030004385607
   0.000011741890721  -0.000025441208389   0.000026254547738
   0.000030004198913   0.000026254567402   0.000019953944012
  
          -2          -1          -1
   0.000056242442627  -0.000104529167142   0.000104529156928
  -0.000104529162499   0.000056242442733   0.000104529169583
   0.000104529172160   0.000104529159971   0.000056242442658
  
          -2          -1           0
  -0.000025441207815  -0.000026254621018   0.000011741787247
  -0.000026254494251   0.000019953944219  -0.000030004313478
   0.000011741864729  -0.000030004271150   0.000173109609348
  
          -2          -1           1
  -0.000069720985023  -0.000200202722050   0.000000000050005
  -0.000200205467930  -0.000146638339932   0.000000000036213
  -0.000000000051268  -0.000000000037044  -0.000258178831509
  
          -2          -1           2
   0.000149459992251  -0.000000000001398  -0.000000000063923
   0.000000000000795  -0.000132391983043   0.000065901715327
   0.000000000065387   0.000065901970530   0.000317178503008
  
          -2           0          -2
   0.000173109609352  -0.000011741887162  -0.000030004197227
  -0.000011741765238  -0.000025441207667   0.000026254599175
  -0.000030004387364   0.000026254516115   0.000019953944066
  
          -2           0          -1
  -0.000025441207760  -0.000026254491477  -0.000011741872337
  -0.000026254623404   0.000019953943148   0.000030004271511
  -0.000011741778899   0.000030004312795   0.000173109610364
  
          -2           0           0
   0.000033598626626  -0.000801679371279  -0.000000000001122
  -0.000801679447550   0.001719036935449   0.000000000001224
   0.000000000000337   0.000000000002014   0.001058691289307
  
          -2           0           1
   0.000353275116274  -0.000184827984133   0.001085497472013
  -0.000184828012742   0.000283333580168  -0.001035904551492
   0.001085497346748  -0.001035904562792  -0.000283094119618
  
          -2           0           2
   0.001058691289526  -0.000000000001221   0.000000000001725
  -0.000000000000089   0.000033598626344   0.000801679387288
   0.000000000000958   0.000801679431656   0.001719036935512
  
          -2           1          -2
  -0.000070539446633   0.000075648376333   0.000075646934555
   0.000075648194620  -0.000070539444483  -0.000075647794833
   0.000075649634264  -0.000075648769556  -0.000070539447750
  
          -2           1          -1
  -0.000132391981214  -0.000065902002953  -0.000000000010858
  -0.000065901681278   0.000317178501431   0.000000000043888
   0.000000000012081  -0.000000000039773   0.000149459991998
  
          -2           1           0
   0.000283333579622   0.001035904566798   0.000184828015936
   0.001035904547389  -0.000283094119966   0.001085497389628
   0.000184827981935   0.001085497429346   0.000353275117167
  
          -2           1           1
  -0.000283094119474  -0.001085497411697  -0.001035904533312
  -0.001085497406171   0.000353275116846   0.000184827990200
  -0.001035904581125   0.000184828006846   0.000283333579452
  
          -2           1           2
  -0.000258178831114   0.000000000005033  -0.000000000034415
  -0.000000000003520  -0.000069720982478   0.000200203589433
   0.000000000035546   0.000200204597016  -0.000146638342872
  
          -2           2          -2
   0.000124205329049   0.000000002741682  -0.000000001147007
  -0.000000002743873   0.000118184385772  -0.000000000003210
   0.000000001148384  -0.000000000002434   0.000208477463197
  
          -2           2          -1
  -0.000146638341226  -0.000000000067669   0.000200204707762
   0.000000000067332  -0.000258178831153   0.000000000037813
   0.000200203481358  -0.000000000038912  -0.000069720984085
  
          -2           2           0
   0.001719036934555  -0.000000000001186   0.000801679416921
  -0.000000000002821   0.001058691289552   0.000000000002010
   0.000801679403506  -0.000000000000320   0.000033598627273
  
          -2           2           1
   0.000317178501857  -0.000000000148294   0.000065901278222
   0.000000000148949   0.000149459992391  -0.000000000009708
   0.000065902407486   0.000000000009988  -0.000132391982034
  
          -2           2           2
   0.000118184385885  -0.000000000002487   0.000000001288769
   0.000000000000171   0.000208477463406  -0.000000000165047
  -0.000000001289706   0.000000000166420   0.000124205328726
  
          -1          -2          -2
  -0.000025441207403   0.000026254624235   0.000011741840280
   0.000026254490670   0.000019953942826   0.000030004269698
   0.000011741812793   0.000030004314732   0.000173109610331
  
          -1          -2          -1
   0.000056242442993   0.000104529168753   0.000104529156802
   0.000104529159764   0.000056242442792  -0.000104529161911
   0.000104529172664  -0.000104529167375   0.000056242442234
  
          -1          -2           0
   0.000173109609705  -0.000011741766832   0.000030004329295
  -0.000011741886114  -0.000025441207072  -0.000026254562961
   0.000030004255330  -0.000026254552226   0.000019953943120
  
          -1          -2           1
   0.000149459992795  -0.000000000001623   0.000000000065480
  -0.000000000000319  -0.000132391979998  -0.000065901741050
  -0.000000000067654  -0.000065901945981   0.000317178499417
  
          -1          -2           2
  -0.000069720981631   0.000200202726359  -0.000000000049786
   0.000200205460488  -0.000146638343859   0.000000000036225
   0.000000000051115  -0.000000000038822  -0.000258178830976
  
          -1          -1          -2
   0.000056242442835   0.000104529161910  -0.000104529168433
   0.000104529167875   0.000056242442483   0.000104529165059
  -0.000104529160479   0.000104529164514   0.000056242442699
  
          -1          -1          -1
   0.000056242442570  -0.000104529160525  -0.000104529175693
  -0.000104529168680   0.000056242442714  -0.000104529162014
  -0.000104529153899  -0.000104529166574   0.000056242442733
  
          -1          -1           0
   0.000353275112810  -0.000184827979050  -0.001085497474862
  -0.000184828009850   0.000283333575258   0.001035904551801
  -0.001085497347087   0.001035904566600  -0.000283094111245
  
          -1          -1           1
   0.002386122177343  -0.000000000009629  -0.000000000001754
  -0.000000000001117  -0.003313236971568  -0.000000000006331
  -0.000000000001374  -0.000000000002101   0.000070620376886
  
          -1          -1           2
   0.000353275113868   0.000184827981264  -0.001085497475469
   0.000184828012252   0.000283333578674  -0.001035904548254
  -0.001085497348942  -0.001035904562461  -0.000283094115719
  
          -1           0          -2
   0.000019953943443  -0.000030004302662  -0.000026254570554
  -0.000030004281213   0.000173109609934   0.000011741809416
  -0.000026254544475   0.000011741843800  -0.000025441207624
  
          -1           0          -1
   0.000283333578347   0.001035904565700  -0.000184828015599
   0.001035904546810  -0.000283094113887  -0.001085497391903
  -0.000184827977841  -0.001085497432208   0.000353275112364
  
          -1           0           0
   0.001291083981881  -0.024146381585086  -0.000000000033904
  -0.024146381610650   0.030187379516109   0.000000000070311
  -0.000000000041511   0.000000000064008  -0.009425978817768
  
          -1           0           1
  -0.009425978818176   0.000000000031248   0.000000000053571
   0.000000000029234   0.001291083974543   0.024146381586641
   0.000000000059882   0.024146381601024   0.030187379523856
  
          -1           0           2
  -0.000283094111071   0.001085497413949   0.001035904540652
   0.001085497408625   0.000353275111794   0.000184827994041
   0.001035904578665   0.000184827995565   0.000283333576101
  
          -1           1          -2
  -0.000146638342670  -0.000000000067548  -0.000200204758863
   0.000000000065943  -0.000258178830947  -0.000000000039834
  -0.000200203429380   0.000000000037998  -0.000069720982848
  
          -1           1          -1
  -0.003313236971699   0.000000000002747  -0.000000000004982
   0.000000000003665   0.000070620376657  -0.000000000003220
   0.000000000013724  -0.000000000002839   0.002386122177702
  
          -1           1           0
   0.030187379501313  -0.000000000081938   0.024146381613062
  -0.000000000063363  -0.009425978817698  -0.000000000037968
   0.024146381600692  -0.000000000039152   0.001291083996608
  
          -1           1           1
   0.000070620376544   0.000000000001180  -0.000000000002358
   0.000000000002614   0.002386122177366   0.000000000009532
  -0.000000000002672   0.000000000003837  -0.003313236971249
  
          -1           1           2
   0.000317178500990   0.000000000148199  -0.000065901269155
  -0.000000000149598   0.000149459992612  -0.000000000009973
  -0.000065902417630   0.000000000011125  -0.000132391981385
  
          -1           2          -2
  -0.000132391981988   0.000065902012068  -0.000000000012809
   0.000065901676191   0.000317178501398  -0.000000000039231
   0.000000000012180   0.000000000042248   0.000149459992805
  
          -1           2          -1
   0.000283333575058  -0.001035904558583   0.000184827989137
  -0.001035904558925  -0.000283094110524  -0.001085497390391
   0.000184827999264  -0.001085497432587   0.000353275112290
  
          -1           2           0
  -0.000283094113906   0.001085497416984  -0.001035904533934
   0.001085497408805   0.000353275113203  -0.000184827987449
  -0.001035904577441  -0.000184828005135   0.000283333577524
  
          -1           2           1
  -0.000258178831012  -0.000000000003902  -0.000000000035791
   0.000000000004575  -0.000069720984204  -0.000200203664351
   0.000000000034619  -0.000200204526031  -0.000146638341250
  
          -1           2           2
  -0.000070539446667  -0.000075648376005   0.000075649701386
  -0.000075648187804  -0.000070539448026   0.000075647878727
   0.000075646864875   0.000075648691016  -0.000070539444175
  
           0          -2          -2
  -0.000025441207982   0.000026254493156  -0.000011741805090
   0.000026254622147   0.000019953943823  -0.000030004314508
  -0.000011741847029  -0.000030004270364   0.000173109609910
  
           0          -2          -1
   0.000173109610149   0.000011741889813  -0.000030004257079
   0.000011741761552  -0.000025441207854  -0.000026254520880
  -0.000030004327729  -0.000026254594654   0.000019953943460
  
           0          -2           0
   0.001058691289797  -0.000000000002640  -0.000000000000852
  -0.000000000001723   0.000033598630852  -0.000801679423458
   0.000000000000234  -0.000801679404571   0.001719036930735
  
           0          -2           1
   0.000353275117243   0.000184827979586   0.001085497475761
   0.000184828011991   0.000283333573906   0.001035904547918
   0.001085497348200   0.001035904564999  -0.000283094114325
  
           0          -2           2
   0.000033598630565   0.000801679370986   0.000000000002265
   0.000801679455896   0.001719036930525  -0.000000000000027
   0.000000000002141   0.000000000000665   0.001058691290293
  
           0          -1          -2
   0.000019953943446   0.000030004278077  -0.000026254638147
   0.000030004306853   0.000173109609829  -0.000011741847486
  -0.000026254477060  -0.000011741804213  -0.000025441207521
  
           0          -1          -1
  -0.000283094116490  -0.001085497407934   0.001035904572461
  -0.001085497414497   0.000353275118416  -0.000184827998501
   0.001035904538346  -0.000184827994755   0.000283333574898
  
           0          -1           0
  -0.009425978817084  -0.000000000006455   0.000000000008177
  -0.000000000007168   0.001291084092298  -0.024146381667263
   0.000000000000862  -0.024146381661298   0.030187379405008
  
           0          -1           1
   0.001291084084920   0.024146381649169   0.000000000017144
   0.024146381671711   0.030187379412032   0.000000000033134
   0.000000000024967   0.000000000026711  -0.009425978816732
  
           0          -1           2
   0.000283333574838  -0.001035904556447  -0.000184827999539
  -0.001035904556175  -0.000283094116469   0.001085497432992
  -0.000184827992891   0.001085497390384   0.000353275118455
  
           0           0          -2
   0.001719036931517   0.000000000001409  -0.000801679444526
  -0.000000000001096   0.001058691289931   0.000000000001392
  -0.000801679381390   0.000000000003498   0.000033598629935
  
           0           0          -1
   0.030187379426821  -0.000000000022406  -0.024146381656768
  -0.000000000004636  -0.009425978817519   0.000000000012068
  -0.024146381645697   0.000000000013062   0.001291084070919
  
           0           0           0
   4.478764139096260  -0.000000000001030   0.000000000000362
  -0.000000000001030   4.478764139096231   0.000000000000181
   0.000000000000362   0.000000000000181   4.478764139096104
  
           0           0           1
   0.030187379426821  -0.000000000004636  -0.024146381645696
  -0.000000000022406  -0.009425978817519   0.000000000013062
  -0.024146381656768   0.000000000012068   0.001291084070919
  
           0           0           2
   0.001719036931517  -0.000000000001096  -0.000801679381390
   0.000000000001409   0.001058691289931   0.000000000003498
  -0.000801679444526   0.000000000001392   0.000033598629935
  
           0           1          -2
   0.000283333574838  -0.001035904556175  -0.000184827992891
  -0.001035904556447  -0.000283094116469   0.001085497390384
  -0.000184827999539   0.001085497432992   0.000353275118455
  
           0           1          -1
   0.001291084084920   0.024146381671711   0.000000000024967
   0.024146381649169   0.030187379412032   0.000000000026711
   0.000000000017144   0.000000000033134  -0.009425978816732
  
           0           1           0
  -0.009425978817084  -0.000000000007168   0.000000000000862
  -0.000000000006455   0.001291084092298  -0.024146381661298
   0.000000000008177  -0.024146381667263   0.030187379405008
  
           0           1           1
  -0.000283094116490  -0.001085497414497   0.001035904538346
  -0.001085497407934   0.000353275118416  -0.000184827994755
   0.001035904572461  -0.000184827998501   0.000283333574898
  
           0           1           2
   0.000019953943446   0.000030004306853  -0.000026254477060
   0.000030004278077   0.000173109609829  -0.000011741804213
  -0.000026254638147  -0.000011741847486  -0.000025441207521
  
           0           2          -2
   0.000033598630565   0.000801679455896   0.000000000002141
   0.000801679370986   0.001719036930525   0.000000000000665
   0.000000000002265  -0.000000000000027   0.001058691290293
  
           0           2          -1
   0.000353275117243   0.000184828011991   0.001085497348200
   0.000184827979586   0.000283333573906   0.001035904564999
   0.001085497475761   0.001035904547918  -0.000283094114325
  
           0           2           0
   0.001058691289797  -0.000000000001723   0.000000000000234
  -0.000000000002640   0.000033598630852  -0.000801679404571
  -0.000000000000852  -0.000801679423458   0.001719036930736
  
           0           2           1
   0.000173109610149   0.000011741761552  -0.000030004327729
   0.000011741889813  -0.000025441207854  -0.000026254594654
  -0.000030004257079  -0.000026254520880   0.000019953943460
  
           0           2           2
  -0.000025441207982   0.000026254622147  -0.000011741847029
   0.000026254493156   0.000019953943823  -0.000030004270364
  -0.000011741805090  -0.000030004314508   0.000173109609910
  
           1          -2          -2
  -0.000070539446667  -0.000075648187804   0.000075646864875
  -0.000075648376005  -0.000070539448026   0.000075648691016
   0.000075649701386   0.000075647878727  -0.000070539444175
  
           1          -2          -1
  -0.000258178831012   0.000000000004575   0.000000000034619
  -0.000000000003902  -0.000069720984204  -0.000200204526031
  -0.000000000035791  -0.000200203664351  -0.000146638341250
  
           1          -2           0
  -0.000283094113906   0.001085497408805  -0.001035904577441
   0.001085497416984   0.000353275113203  -0.000184828005135
  -0.001035904533934  -0.000184827987449   0.000283333577524
  
           1          -2           1
   0.000283333575058  -0.001035904558925   0.000184827999264
  -0.001035904558583  -0.000283094110524  -0.001085497432587
   0.000184827989137  -0.001085497390391   0.000353275112290
  
           1          -2           2
  -0.000132391981988   0.000065901676191   0.000000000012180
   0.000065902012068   0.000317178501398   0.000000000042248
  -0.000000000012809  -0.000000000039231   0.000149459992805
  
           1          -1          -2
   0.000317178500990  -0.000000000149598  -0.000065902417630
   0.000000000148199   0.000149459992612   0.000000000011125
  -0.000065901269155  -0.000000000009973  -0.000132391981385
  
           1          -1          -1
   0.000070620376544   0.000000000002614  -0.000000000002672
   0.000000000001180   0.002386122177366   0.000000000003837
  -0.000000000002358   0.000000000009532  -0.003313236971249
  
           1          -1           0
   0.030187379501313  -0.000000000063363   0.024146381600692
  -0.000000000081938  -0.009425978817698  -0.000000000039152
   0.024146381613062  -0.000000000037968   0.001291083996608
  
           1          -1           1
  -0.003313236971699   0.000000000003665   0.000000000013724
   0.000000000002747   0.000070620376657  -0.000000000002839
  -0.000000000004982  -0.000000000003220   0.002386122177702
  
           1          -1           2
  -0.000146638342670   0.000000000065943  -0.000200203429380
  -0.000000000067548  -0.000258178830947   0.000000000037998
  -0.000200204758863  -0.000000000039834  -0.000069720982848
  
           1           0          -2
  -0.000283094111071   0.001085497408625   0.001035904578665
   0.001085497413949   0.000353275111794   0.000184827995565
   0.001035904540652   0.000184827994041   0.000283333576101
  
           1           0          -1
  -0.009425978818176   0.000000000029234   0.000000000059882
   0.000000000031248   0.001291083974543   0.024146381601024
   0.000000000053571   0.024146381586641   0.030187379523856
  
           1           0           0
   0.001291083981881  -0.024146381610650  -0.000000000041511
  -0.024146381585086   0.030187379516109   0.000000000064008
  -0.000000000033904   0.000000000070311  -0.009425978817768
  
           1           0           1
   0.000283333578347   0.001035904546810  -0.000184827977841
   0.001035904565700  -0.000283094113887  -0.001085497432208
  -0.000184828015599  -0.001085497391903   0.000353275112364
  
           1           0           2
   0.000019953943443  -0.000030004281213  -0.000026254544475
  -0.000030004302662   0.000173109609934   0.000011741843800
  -0.000026254570554   0.000011741809416  -0.000025441207624
  
           1           1          -2
   0.000353275113868   0.000184828012252  -0.001085497348942
   0.000184827981264   0.000283333578674  -0.001035904562461
  -0.001085497475469  -0.001035904548254  -0.000283094115719
  
           1           1          -1
   0.002386122177343  -0.000000000001117  -0.000000000001374
  -0.000000000009629  -0.003313236971568  -0.000000000002101
  -0.000000000001754  -0.000000000006331   0.000070620376886
  
           1           1           0
   0.000353275112810  -0.000184828009850  -0.001085497347087
  -0.000184827979050   0.000283333575258   0.001035904566600
  -0.001085497474862   0.001035904551801  -0.000283094111245
  
           1           1           1
   0.000056242442570  -0.000104529168680  -0.000104529153899
  -0.000104529160525   0.000056242442714  -0.000104529166573
  -0.000104529175693  -0.000104529162014   0.000056242442733
  
           1           1           2
   0.000056242442835   0.000104529167875  -0.000104529160479
   0.000104529161910   0.000056242442483   0.000104529164514
  -0.000104529168433   0.000104529165059   0.000056242442699
  
           1           2          -2
  -0.000069720981631   0.000200205460488   0.000000000051115
   0.000200202726359  -0.000146638343859  -0.000000000038822
  -0.000000000049786   0.000000000036225  -0.000258178830976
  
           1           2          -1
   0.000149459992795  -0.000000000000319  -0.000000000067654
  -0.000000000001623  -0.000132391979998  -0.000065901945981
   0.000000000065480  -0.000065901741050   0.000317178499417
  
           1           2           0
   0.000173109609705  -0.000011741886114   0.000030004255330
  -0.000011741766832  -0.000025441207072  -0.000026254552226
   0.000030004329295  -0.000026254562961   0.000019953943120
  
           1           2           1
   0.000056242442993   0.000104529159764   0.000104529172664
   0.000104529168753   0.000056242442792  -0.000104529167375
   0.000104529156802  -0.000104529161911   0.000056242442234
  
           1           2           2
  -0.000025441207403   0.000026254490670   0.000011741812793
   0.000026254624235   0.000019953942826   0.000030004314732
   0.000011741840280   0.000030004269698   0.000173109610331
  
           2          -2          -2
   0.000118184385885   0.000000000000171  -0.000000001289706
  -0.000000000002487   0.000208477463406   0.000000000166420
   0.000000001288769  -0.000000000165047   0.000124205328726
  
           2          -2          -1
   0.000317178501857   0.000000000148949   0.000065902407486
  -0.000000000148294   0.000149459992391   0.000000000009988
   0.000065901278222  -0.000000000009708  -0.000132391982034
  
           2          -2           0
   0.001719036934555  -0.000000000002821   0.000801679403506
  -0.000000000001186   0.001058691289552  -0.000000000000320
   0.000801679416921   0.000000000002010   0.000033598627273
  
           2          -2           1
  -0.000146638341226   0.000000000067332   0.000200203481358
  -0.000000000067669  -0.000258178831153  -0.000000000038912
   0.000200204707762   0.000000000037813  -0.000069720984085
  
           2          -2           2
   0.000124205329049  -0.000000002743873   0.000000001148384
   0.000000002741682   0.000118184385772  -0.000000000002434
  -0.000000001147007  -0.000000000003210   0.000208477463197
  
           2          -1          -2
  -0.000258178831114  -0.000000000003520   0.000000000035546
   0.000000000005033  -0.000069720982478   0.000200204597016
  -0.000000000034415   0.000200203589433  -0.000146638342872
  
           2          -1          -1
  -0.000283094119474  -0.001085497406171  -0.001035904581125
  -0.001085497411697   0.000353275116846   0.000184828006846
  -0.001035904533312   0.000184827990200   0.000283333579452
  
           2          -1           0
   0.000283333579622   0.001035904547389   0.000184827981935
   0.001035904566798  -0.000283094119966   0.001085497429346
   0.000184828015936   0.001085497389628   0.000353275117167
  
           2          -1           1
  -0.000132391981214  -0.000065901681278   0.000000000012081
  -0.000065902002953   0.000317178501431  -0.000000000039773
  -0.000000000010858   0.000000000043888   0.000149459991998
  
           2          -1           2
  -0.000070539446633   0.000075648194620   0.000075649634264
   0.000075648376333  -0.000070539444483  -0.000075648769556
   0.000075646934555  -0.000075647794833  -0.000070539447750
  
           2           0          -2
   0.001058691289526  -0.000000000000089   0.000000000000958
  -0.000000000001221   0.000033598626344   0.000801679431656
   0.000000000001725   0.000801679387288   0.001719036935512
  
           2           0          -1
   0.000353275116274  -0.000184828012742   0.001085497346748
  -0.000184827984133   0.000283333580168  -0.001035904562792
   0.001085497472013  -0.001035904551492  -0.000283094119618
  
           2           0           0
   0.000033598626626  -0.000801679447550   0.000000000000337
  -0.000801679371279   0.001719036935449   0.000000000002014
  -0.000000000001122   0.000000000001224   0.001058691289307
  
           2           0           1
  -0.000025441207760  -0.000026254623404  -0.000011741778899
  -0.000026254491477   0.000019953943148   0.000030004312795
  -0.000011741872337   0.000030004271511   0.000173109610364
  
           2           0           2
   0.000173109609352  -0.000011741765238  -0.000030004387364
  -0.000011741887162  -0.000025441207667   0.000026254516115
  -0.000030004197227   0.000026254599175   0.000019953944066
  
           2           1          -2
   0.000149459992251   0.000000000000795   0.000000000065387
  -0.000000000001398  -0.000132391983043   0.000065901970530
  -0.000000000063923   0.000065901715327   0.000317178503008
  
           2           1          -1
  -0.000069720985023  -0.000200205467930  -0.000000000051268
  -0.000200202722050  -0.000146638339932  -0.000000000037044
   0.000000000050005   0.000000000036213  -0.000258178831509
  
           2           1           0
  -0.000025441207815  -0.000026254494251   0.000011741864729
  -0.000026254621018   0.000019953944219  -0.000030004271150
   0.000011741787247  -0.000030004313478   0.000173109609348
  
           2           1           1
   0.000056242442627  -0.000104529162499   0.000104529172160
  -0.000104529167142   0.000056242442733   0.000104529159971
   0.000104529156928   0.000104529169583   0.000056242442658
  
           2           1           2
   0.000173109610130   0.000011741890721   0.000030004198913
   0.000011741760325  -0.000025441208389   0.000026254567402
   0.000030004385607   0.000026254547738   0.000019953944012
  
           2           2          -2
   0.000208477463607   0.000000000356693  -0.000000000001116
  -0.000000000355124   0.000124205328931   0.000000000960566
   0.000000000000357  -0.000000000959439   0.000118184385478
  
           2           2          -1
  -0.000070539445749   0.000075648193324  -0.000075646863650
   0.000075648375492  -0.000070539447937   0.000075647801235
  -0.000075649701112   0.000075648766508  -0.000070539445180
  
           2           2           0
   0.000019953943648  -0.000030004298396   0.000026254576437
  -0.000030004285771   0.000173109609985  -0.000011741856706
   0.000026254538496  -0.000011741795294  -0.000025441207881
  
           2           2           1
   0.000019953943603   0.000030004282331   0.000026254632206
   0.000030004302305   0.000173109609727   0.000011741799697
   0.000026254483561   0.000011741852567  -0.000025441207577
  
           2           2           2
  -0.000070539445816  -0.000075648371376  -0.000075646932321
  -0.000075648194179  -0.000070539444610  -0.000075648682818
  -0.000075649636986  -0.000075647884159  -0.000070539448442
  
