          -2          -2          -2
  -0.000245117869819  -0.000016920131038  -0.000016920223959
  -0.000016920506554  -0.000245117870293  -0.000016920468687
  -0.000016920473876  -0.000016920335405  -0.000245117871619
  
          -2          -2          -1
  -0.000130015819292  -0.000038753114376   0.000008365863432
  -0.000038753124162   0.000341376025158  -0.000015025261580
   0.000008365864847  -0.000015025234169   0.000076856703916
  
          -2          -2           0
  -0.000130015817780   0.000038753179606   0.000008365848029
   0.000038753173169   0.000341376024438   0.000015025217799
   0.000008365835506   0.000015025226420   0.000076856703116
  
          -2          -2           1
  -0.000245117872065   0.000016920538072  -0.000016920278053
   0.000016920183289  -0.000245117869730   0.000016920179913
  -0.000016920494253   0.000016920454844  -0.000245117869927
  
          -2          -2           2
  -0.000087735329307  -0.000000000421874   0.000000000010724
   0.000000000278108  -0.000211149040268   0.000000000243461
   0.000000000011242  -0.000000000190143   0.000143966640809
  
          -2          -1          -2
   0.000341376024332  -0.000015025267242  -0.000038753186822
  -0.000015025215698   0.000076856703790   0.000008365856915
  -0.000038753186028   0.000008365842710  -0.000130015818347
  
          -2          -1          -1
   0.000199540444112  -0.000179505609997   0.000179505630557
  -0.000179505611365   0.000199540442931   0.000179505553998
   0.000179505628203   0.000179505560731   0.000199540443831
  
          -2          -1           0
   0.000076856703282  -0.000008365868812  -0.000015025229563
  -0.000008365848354  -0.000130015818008   0.000038753084221
  -0.000015025220654   0.000038753149592   0.000341376024503
  
          -2          -1           1
   0.000145472903174  -0.000288646103031  -0.000000000011158
  -0.000288646715474  -0.000071903186001  -0.000000000015793
  -0.000000000043049  -0.000000000008754  -0.000283458580899
  
          -2          -1           2
   0.000336005570215   0.000000000004182  -0.000000000057167
   0.000000000017690  -0.000208150343668   0.000153940115927
  -0.000000000044391   0.000153939218293   0.000422933811598
  
          -2           0          -2
   0.000341376024430   0.000015025247897   0.000038753133555
   0.000015025293471   0.000076856704796   0.000008365864381
   0.000038753133637   0.000008365895174  -0.000130015819449
  
          -2           0          -1
   0.000076856702028  -0.000008365857151   0.000015025179129
  -0.000008365906994  -0.000130015817814  -0.000038753204176
   0.000015025191735  -0.000038753140582   0.000341376025567
  
          -2           0           0
  -0.000043378322784  -0.001384940748815  -0.000000000028731
  -0.001384940762286   0.003090566662325  -0.000000000045541
  -0.000000000027695  -0.000000000042614   0.002531126019106
  
          -2           0           1
   0.000848460413202  -0.000507262541003   0.002461611324848
  -0.000507262551362   0.000361073317842  -0.001746296567337
   0.002461611346327  -0.001746296529660  -0.001100456827914
  
          -2           0           2
   0.002531126018260   0.000000000039252   0.000000000007726
   0.000000000037362  -0.000043378327945   0.001384940715538
   0.000000000006829   0.001384940683420   0.003090566668336
  
          -2           1          -2
  -0.000245117871276   0.000016920531926   0.000016920497880
   0.000016920217442  -0.000245117870524  -0.000016920557549
   0.000016920242691  -0.000016920283149  -0.000245117869925
  
          -2           1          -1
  -0.000208150344142  -0.000153939803103   0.000000000005011
  -0.000153939477843   0.000422933812046  -0.000000000062390
   0.000000000014981  -0.000000000023620   0.000336005570246
  
          -2           1           0
   0.000361073311304   0.001746296543444   0.000507262524778
   0.001746296529102  -0.001100456823495   0.002461611317362
   0.000507262523547   0.002461611299621   0.000848460415315
  
          -2           1           1
  -0.001100456816994  -0.002461611323196  -0.001746296543146
  -0.002461611290909   0.000848460402339   0.000507262540880
  -0.001746296549100   0.000507262537103   0.000361073317785
  
          -2           1           2
  -0.000283458580743   0.000000000027939  -0.000000000038681
  -0.000000000026328   0.000145472902685   0.000288646536425
  -0.000000000018024   0.000288646265375  -0.000071903185679
  
          -2           2          -2
  -0.000211149041602   0.000000000491244  -0.000000000196505
  -0.000000000828018   0.000143966641531  -0.000000000011415
   0.000000000095698  -0.000000000011861  -0.000087735328694
  
          -2           2          -1
  -0.000071903184950  -0.000000000128134   0.000288646382445
  -0.000000000062328  -0.000283458581324  -0.000000000110641
   0.000288646276690   0.000000000024621   0.000145472902544
  
          -2           2           0
   0.003090566664773  -0.000000000079312   0.001384940667531
  -0.000000000079506   0.002531126019036  -0.000000000057832
   0.001384940666858  -0.000000000056199  -0.000043378325162
  
          -2           2           1
   0.000422933812075  -0.000000000098541   0.000153939531107
  -0.000000000011258   0.000336005569708  -0.000000000025739
   0.000153939676267  -0.000000000059747  -0.000208150343634
  
          -2           2           2
   0.000143966640200  -0.000000000054779   0.000000000103372
  -0.000000000056249  -0.000087735328566   0.000000000984122
  -0.000000000156629  -0.000000000832946  -0.000211149040401
  
          -1          -2          -2
   0.000076856704368   0.000008365890199  -0.000015025280419
   0.000008365831477  -0.000130015818758  -0.000038753158628
  -0.000015025291920  -0.000038753245882   0.000341376024177
  
          -1          -2          -1
   0.000199540442492   0.000179505592920   0.000179505593827
   0.000179505584159   0.000199540444632  -0.000179505679914
   0.000179505591308  -0.000179505681341   0.000199540443756
  
          -1          -2           0
   0.000341376023925   0.000015025297453  -0.000038753159474
   0.000015025240815   0.000076856704404  -0.000008365936284
  -0.000038753137523  -0.000008365930540  -0.000130015818544
  
          -1          -2           1
   0.000336005569939   0.000000000067148   0.000000000018120
   0.000000000081996  -0.000208150344248  -0.000153939969757
   0.000000000003265  -0.000153939063348   0.000422933812467
  
          -1          -2           2
   0.000145472901532   0.000288645973317  -0.000000000042032
   0.000288646633665  -0.000071903183319  -0.000000000013700
  -0.000000000012569  -0.000000000009215  -0.000283458581941
  
          -1          -1          -2
   0.000199540444555   0.000179505691737  -0.000179505607520
   0.000179505694947   0.000199540443865   0.000179505607731
  -0.000179505611327   0.000179505604538   0.000199540442453
  
          -1          -1          -1
   0.000199540444167  -0.000179505582165  -0.000179505645617
  -0.000179505586983   0.000199540442725  -0.000179505634754
  -0.000179505646303  -0.000179505630342   0.000199540443989
  
          -1          -1           0
   0.000848460420996  -0.000507262580542  -0.002461611362335
  -0.000507262595044   0.000361073316220   0.001746296467802
  -0.002461611383639   0.001746296423252  -0.001100456834086
  
          -1          -1           1
  -0.000210954370621  -0.000000000099777  -0.000000000024732
  -0.000000000092352  -0.009389879939939   0.000000000025967
  -0.000000000026580   0.000000000026523  -0.001371766314435
  
          -1          -1           2
   0.000848460415561   0.000507262588131  -0.002461611292638
   0.000507262595410   0.000361073321290  -0.001746296561425
  -0.002461611313360  -0.001746296520251  -0.001100456833719
  
          -1           0          -2
  -0.000130015819346   0.000038753110709  -0.000008365910121
   0.000038753158936   0.000341376024347  -0.000015025285650
  -0.000008365927662  -0.000015025306412   0.000076856704783
  
          -1           0          -1
   0.000361073311914   0.001746296549793  -0.000507262541539
   0.001746296527535  -0.001100456822366  -0.002461611370092
  -0.000507262539748  -0.002461611353378   0.000848460413590
  
          -1           0           0
  -0.004032187292430  -0.033906085141101   0.000000000021549
  -0.033906085141372   0.042078275660413  -0.000000000034621
   0.000000000018818  -0.000000000036792  -0.018667645740168
  
          -1           0           1
  -0.018667645740354  -0.000000000018847  -0.000000000151664
  -0.000000000020176  -0.004032187456755   0.033906085104555
  -0.000000000152755   0.033906085094904   0.042078275824935
  
          -1           0           2
  -0.001100456845042   0.002461611305187   0.001746296436878
   0.002461611277814   0.000848460426942   0.000507262520907
   0.001746296444514   0.000507262522027   0.000361073321232
  
          -1           1          -2
  -0.000071903183374  -0.000000000088331  -0.000288646454145
  -0.000000000022604  -0.000283458581919   0.000000000055698
  -0.000288646313952  -0.000000000081720   0.000145472901569
  
          -1           1          -1
  -0.009389879936794  -0.000000000220546  -0.000000000058266
  -0.000000000231271  -0.001371766315807  -0.000000000043071
  -0.000000000055725  -0.000000000043796  -0.000210954372392
  
          -1           1           0
   0.042078275773836   0.000000000026308   0.033906085029346
   0.000000000023344  -0.018667645739698   0.000000000021206
   0.033906085031645   0.000000000021178  -0.004032187406324
  
          -1           1           1
  -0.001371766314121  -0.000000000057358   0.000000000017822
  -0.000000000057619  -0.000210954371598   0.000000000052586
   0.000000000015580   0.000000000035976  -0.009389879939279
  
          -1           1           2
   0.000422933812910   0.000000000030257  -0.000153939498010
  -0.000000000060350   0.000336005569260   0.000000000006712
  -0.000153939664093  -0.000000000030151  -0.000208150344017
  
          -1           2          -2
  -0.000208150343551   0.000153939732561   0.000000000007089
   0.000153939355588   0.000422933812245  -0.000000000022351
   0.000000000013341  -0.000000000062772   0.000336005569461
  
          -1           2          -1
   0.000361073326204  -0.001746296414097   0.000507262575678
  -0.001746296400347  -0.001100456838714  -0.002461611341176
   0.000507262569184  -0.002461611322043   0.000848460415646
  
          -1           2           0
  -0.001100456839013   0.002461611369040  -0.001746296515909
   0.002461611343994   0.000848460426177  -0.000507262573909
  -0.001746296524573  -0.000507262569295   0.000361073315964
  
          -1           2           1
  -0.000283458582270  -0.000000000052823  -0.000000000058283
   0.000000000005543   0.000145472901863  -0.000288646391578
  -0.000000000041215  -0.000288646230564  -0.000071903183315
  
          -1           2           2
  -0.000245117870361  -0.000016920532664   0.000016920227959
  -0.000016920235883  -0.000245117870761   0.000016920366254
   0.000016920436954   0.000016920232761  -0.000245117870597
  
           0          -2          -2
   0.000076856704000   0.000008365951156   0.000015025252631
   0.000008365980163  -0.000130015818043   0.000038753191284
   0.000015025239629   0.000038753103052   0.000341376023817
  
           0          -2          -1
   0.000341376023938  -0.000015025129492   0.000038753159460
  -0.000015025191743   0.000076856703955  -0.000008365907598
   0.000038753182500  -0.000008365898970  -0.000130015818112
  
           0          -2           0
   0.002531126019365  -0.000000000000339  -0.000000000024214
   0.000000000002384  -0.000043378328227  -0.001384940618911
  -0.000000000024509  -0.001384940598327   0.003090566667505
  
           0          -2           1
   0.000848460408375   0.000507262492602   0.002461611256609
   0.000507262509809   0.000361073322536   0.001746296462429
   0.002461611276089   0.001746296414683  -0.001100456827785
  
           0          -2           2
  -0.000043378335069   0.001384940535859  -0.000000000028704
   0.001384940570361   0.003090566675078  -0.000000000043235
  -0.000000000027630  -0.000000000040196   0.002531126018637
  
           0          -1          -2
  -0.000130015818442  -0.000038753234179  -0.000008365943434
  -0.000038753184830   0.000341376024381   0.000015025176109
  -0.000008365940586   0.000015025171610   0.000076856703838
  
           0          -1          -1
  -0.001100456822139  -0.002461611308091   0.001746296470655
  -0.002461611335575   0.000848460401683  -0.000507262596738
   0.001746296461815  -0.000507262596196   0.000361073323582
  
           0          -1           0
  -0.018667645738176   0.000000000070630   0.000000000047482
   0.000000000069266  -0.004032187455754  -0.033906084951208
   0.000000000047083  -0.033906084948535   0.042078275821735
  
           0          -1           1
  -0.004032187620101   0.033906084904007   0.000000000018831
   0.033906084909993   0.042078275986278   0.000000000013856
   0.000000000022357   0.000000000013223  -0.018667645738360
  
           0          -1           2
   0.000361073330327  -0.001746296480025  -0.000507262588603
  -0.001746296500939  -0.001100456839530   0.002461611265161
  -0.000507262591172   0.002461611281105   0.000848460412325
  
           0           0          -2
   0.003090566669701  -0.000000000014531  -0.001384940646549
  -0.000000000013012   0.002531126019139  -0.000000000014134
  -0.001384940635693  -0.000000000016982  -0.000043378330194
  
           0           0          -1
   0.042078275872641   0.000000000051210  -0.033906085018808
   0.000000000050894  -0.018667645738095  -0.000000000122894
  -0.033906085016403  -0.000000000124201  -0.004032187506734
  
           0           0           0
   5.279773819580537  -0.000000000232293  -0.000000000047984
  -0.000000000232293   5.279773819584705   0.000000000026628
  -0.000000000047984   0.000000000026628   5.279773819583237
  
           0           0           1
   0.042078275872641   0.000000000050894  -0.033906085016403
   0.000000000051210  -0.018667645738095  -0.000000000124201
  -0.033906085018808  -0.000000000122894  -0.004032187506734
  
           0           0           2
   0.003090566669701  -0.000000000013012  -0.001384940635693
  -0.000000000014531   0.002531126019139  -0.000000000016982
  -0.001384940646549  -0.000000000014134  -0.000043378330194
  
           0           1          -2
   0.000361073330327  -0.001746296500939  -0.000507262591172
  -0.001746296480025  -0.001100456839530   0.002461611281105
  -0.000507262588603   0.002461611265161   0.000848460412325
  
           0           1          -1
  -0.004032187620101   0.033906084909993   0.000000000022357
   0.033906084904007   0.042078275986278   0.000000000013223
   0.000000000018831   0.000000000013856  -0.018667645738360
  
           0           1           0
  -0.018667645738176   0.000000000069266   0.000000000047083
   0.000000000070630  -0.004032187455753  -0.033906084948535
   0.000000000047482  -0.033906084951208   0.042078275821735
  
           0           1           1
  -0.001100456822139  -0.002461611335575   0.001746296461815
  -0.002461611308091   0.000848460401683  -0.000507262596196
   0.001746296470655  -0.000507262596738   0.000361073323582
  
           0           1           2
  -0.000130015818442  -0.000038753184830  -0.000008365940586
  -0.000038753234179   0.000341376024381   0.000015025171610
  -0.000008365943434   0.000015025176109   0.000076856703838
  
           0           2          -2
  -0.000043378335070   0.001384940570361  -0.000000000027630
   0.001384940535859   0.003090566675078  -0.000000000040196
  -0.000000000028704  -0.000000000043235   0.002531126018637
  
           0           2          -1
   0.000848460408375   0.000507262509809   0.002461611276089
   0.000507262492602   0.000361073322536   0.001746296414683
   0.002461611256609   0.001746296462429  -0.001100456827785
  
           0           2           0
   0.002531126019365   0.000000000002384  -0.000000000024509
  -0.000000000000339  -0.000043378328227  -0.001384940598327
  -0.000000000024214  -0.001384940618911   0.003090566667505
  
           0           2           1
   0.000341376023938  -0.000015025191743   0.000038753182500
  -0.000015025129492   0.000076856703955  -0.000008365898970
   0.000038753159460  -0.000008365907598  -0.000130015818112
  
           0           2           2
   0.000076856704000   0.000008365980163   0.000015025239629
   0.000008365951156  -0.000130015818043   0.000038753103052
   0.000015025252631   0.000038753191284   0.000341376023817
  
           1          -2          -2
  -0.000245117870361  -0.000016920235883   0.000016920436954
  -0.000016920532664  -0.000245117870761   0.000016920232761
   0.000016920227959   0.000016920366255  -0.000245117870597
  
           1          -2          -1
  -0.000283458582270   0.000000000005543  -0.000000000041215
  -0.000000000052823   0.000145472901863  -0.000288646230564
  -0.000000000058283  -0.000288646391578  -0.000071903183315
  
           1          -2           0
  -0.001100456839013   0.002461611343994  -0.001746296524573
   0.002461611369040   0.000848460426177  -0.000507262569295
  -0.001746296515909  -0.000507262573909   0.000361073315964
  
           1          -2           1
   0.000361073326204  -0.001746296400347   0.000507262569184
  -0.001746296414097  -0.001100456838714  -0.002461611322043
   0.000507262575678  -0.002461611341176   0.000848460415646
  
           1          -2           2
  -0.000208150343551   0.000153939355588   0.000000000013341
   0.000153939732561   0.000422933812245  -0.000000000062772
   0.000000000007089  -0.000000000022351   0.000336005569461
  
           1          -1          -2
   0.000422933812910  -0.000000000060350  -0.000153939664093
   0.000000000030257   0.000336005569261  -0.000000000030151
  -0.000153939498010   0.000000000006712  -0.000208150344017
  
           1          -1          -1
  -0.001371766314121  -0.000000000057619   0.000000000015580
  -0.000000000057358  -0.000210954371598   0.000000000035976
   0.000000000017822   0.000000000052586  -0.009389879939279
  
           1          -1           0
   0.042078275773836   0.000000000023344   0.033906085031645
   0.000000000026308  -0.018667645739698   0.000000000021178
   0.033906085029346   0.000000000021206  -0.004032187406324
  
           1          -1           1
  -0.009389879936794  -0.000000000231271  -0.000000000055725
  -0.000000000220546  -0.001371766315807  -0.000000000043796
  -0.000000000058266  -0.000000000043071  -0.000210954372392
  
           1          -1           2
  -0.000071903183374  -0.000000000022604  -0.000288646313952
  -0.000000000088331  -0.000283458581919  -0.000000000081720
  -0.000288646454145   0.000000000055698   0.000145472901569
  
           1           0          -2
  -0.001100456845042   0.002461611277814   0.001746296444514
   0.002461611305187   0.000848460426942   0.000507262522027
   0.001746296436878   0.000507262520907   0.000361073321232
  
           1           0          -1
  -0.018667645740354  -0.000000000020176  -0.000000000152755
  -0.000000000018847  -0.004032187456755   0.033906085094904
  -0.000000000151664   0.033906085104555   0.042078275824935
  
           1           0           0
  -0.004032187292430  -0.033906085141372   0.000000000018818
  -0.033906085141101   0.042078275660413  -0.000000000036792
   0.000000000021549  -0.000000000034621  -0.018667645740168
  
           1           0           1
   0.000361073311914   0.001746296527535  -0.000507262539748
   0.001746296549793  -0.001100456822366  -0.002461611353378
  -0.000507262541539  -0.002461611370092   0.000848460413590
  
           1           0           2
  -0.000130015819346   0.000038753158936  -0.000008365927662
   0.000038753110709   0.000341376024347  -0.000015025306412
  -0.000008365910121  -0.000015025285650   0.000076856704783
  
           1           1          -2
   0.000848460415561   0.000507262595410  -0.002461611313360
   0.000507262588131   0.000361073321290  -0.001746296520251
  -0.002461611292638  -0.001746296561425  -0.001100456833719
  
           1           1          -1
  -0.000210954370621  -0.000000000092352  -0.000000000026580
  -0.000000000099777  -0.009389879939939   0.000000000026523
  -0.000000000024732   0.000000000025967  -0.001371766314435
  
           1           1           0
   0.000848460420996  -0.000507262595044  -0.002461611383639
  -0.000507262580542   0.000361073316221   0.001746296423252
  -0.002461611362335   0.001746296467803  -0.001100456834086
  
           1           1           1
   0.000199540444167  -0.000179505586983  -0.000179505646303
  -0.000179505582165   0.000199540442725  -0.000179505630342
  -0.000179505645617  -0.000179505634754   0.000199540443989
  
           1           1           2
   0.000199540444555   0.000179505694947  -0.000179505611327
   0.000179505691737   0.000199540443865   0.000179505604538
  -0.000179505607520   0.000179505607731   0.000199540442454
  
           1           2          -2
   0.000145472901531   0.000288646633665  -0.000000000012569
   0.000288645973317  -0.000071903183319  -0.000000000009214
  -0.000000000042032  -0.000000000013700  -0.000283458581941
  
           1           2          -1
   0.000336005569939   0.000000000081996   0.000000000003265
   0.000000000067148  -0.000208150344248  -0.000153939063348
   0.000000000018120  -0.000153939969757   0.000422933812467
  
           1           2           0
   0.000341376023925   0.000015025240815  -0.000038753137523
   0.000015025297453   0.000076856704404  -0.000008365930540
  -0.000038753159474  -0.000008365936284  -0.000130015818544
  
           1           2           1
   0.000199540442492   0.000179505584159   0.000179505591308
   0.000179505592920   0.000199540444632  -0.000179505681341
   0.000179505593827  -0.000179505679914   0.000199540443756
  
           1           2           2
   0.000076856704368   0.000008365831477  -0.000015025291920
   0.000008365890199  -0.000130015818758  -0.000038753245882
  -0.000015025280419  -0.000038753158628   0.000341376024177
  
           2          -2          -2
   0.000143966640200  -0.000000000056249  -0.000000000156629
  -0.000000000054779  -0.000087735328566  -0.000000000832946
   0.000000000103372   0.000000000984122  -0.000211149040401
  
           2          -2          -1
   0.000422933812075  -0.000000000011258   0.000153939676267
  -0.000000000098541   0.000336005569708  -0.000000000059747
   0.000153939531107  -0.000000000025739  -0.000208150343634
  
           2          -2           0
   0.003090566664773  -0.000000000079506   0.001384940666858
  -0.000000000079312   0.002531126019036  -0.000000000056199
   0.001384940667531  -0.000000000057832  -0.000043378325162
  
           2          -2           1
  -0.000071903184950  -0.000000000062328   0.000288646276690
  -0.000000000128134  -0.000283458581324   0.000000000024621
   0.000288646382445  -0.000000000110641   0.000145472902544
  
           2          -2           2
  -0.000211149041602  -0.000000000828018   0.000000000095698
   0.000000000491244   0.000143966641531  -0.000000000011861
  -0.000000000196505  -0.000000000011415  -0.000087735328694
  
           2          -1          -2
  -0.000283458580742  -0.000000000026328  -0.000000000018024
   0.000000000027939   0.000145472902685   0.000288646265375
  -0.000000000038681   0.000288646536425  -0.000071903185679
  
           2          -1          -1
  -0.001100456816994  -0.002461611290909  -0.001746296549100
  -0.002461611323196   0.000848460402339   0.000507262537103
  -0.001746296543146   0.000507262540880   0.000361073317785
  
           2          -1           0
   0.000361073311304   0.001746296529102   0.000507262523547
   0.001746296543444  -0.001100456823495   0.002461611299621
   0.000507262524778   0.002461611317362   0.000848460415315
  
           2          -1           1
  -0.000208150344142  -0.000153939477843   0.000000000014981
  -0.000153939803103   0.000422933812046  -0.000000000023620
   0.000000000005011  -0.000000000062390   0.000336005570246
  
           2          -1           2
  -0.000245117871276   0.000016920217442   0.000016920242691
   0.000016920531926  -0.000245117870524  -0.000016920283149
   0.000016920497880  -0.000016920557549  -0.000245117869925
  
           2           0          -2
   0.002531126018260   0.000000000037362   0.000000000006829
   0.000000000039252  -0.000043378327945   0.001384940683420
   0.000000000007726   0.001384940715538   0.003090566668336
  
           2           0          -1
   0.000848460413202  -0.000507262551362   0.002461611346327
  -0.000507262541003   0.000361073317842  -0.001746296529660
   0.002461611324848  -0.001746296567337  -0.001100456827914
  
           2           0           0
  -0.000043378322784  -0.001384940762286  -0.000000000027695
  -0.001384940748815   0.003090566662325  -0.000000000042614
  -0.000000000028731  -0.000000000045541   0.002531126019106
  
           2           0           1
   0.000076856702028  -0.000008365906994   0.000015025191735
  -0.000008365857151  -0.000130015817814  -0.000038753140582
   0.000015025179129  -0.000038753204176   0.000341376025567
  
           2           0           2
   0.000341376024430   0.000015025293471   0.000038753133637
   0.000015025247897   0.000076856704796   0.000008365895174
   0.000038753133555   0.000008365864381  -0.000130015819449
  
           2           1          -2
   0.000336005570215   0.000000000017690  -0.000000000044391
   0.000000000004182  -0.000208150343668   0.000153939218293
  -0.000000000057167   0.000153940115927   0.000422933811598
  
           2           1          -1
   0.000145472903174  -0.000288646715474  -0.000000000043049
  -0.000288646103031  -0.000071903186001  -0.000000000008754
  -0.000000000011158  -0.000000000015793  -0.000283458580899
  
           2           1           0
   0.000076856703282  -0.000008365848354  -0.000015025220654
  -0.000008365868812  -0.000130015818008   0.000038753149592
  -0.000015025229563   0.000038753084221   0.000341376024503
  
           2           1           1
   0.000199540444112  -0.000179505611365   0.000179505628203
  -0.000179505609997   0.000199540442931   0.000179505560731
   0.000179505630557   0.000179505553998   0.000199540443831
  
           2           1           2
   0.000341376024332  -0.000015025215698  -0.000038753186028
  -0.000015025267242   0.000076856703790   0.000008365842710
  -0.000038753186822   0.000008365856915  -0.000130015818347
  
           2           2          -2
  -0.000087735329307   0.000000000278108   0.000000000011242
  -0.000000000421874  -0.000211149040268  -0.000000000190143
   0.000000000010724   0.000000000243461   0.000143966640809
  
           2           2          -1
  -0.000245117872065   0.000016920183289  -0.000016920494253
   0.000016920538072  -0.000245117869730   0.000016920454844
  -0.000016920278053   0.000016920179913  -0.000245117869927
  
           2           2           0
  -0.000130015817780   0.000038753173169   0.000008365835506
   0.000038753179606   0.000341376024438   0.000015025226420
   0.000008365848029   0.000015025217799   0.000076856703116
  
           2           2           1
  -0.000130015819292  -0.000038753124162   0.000008365864847
  -0.000038753114376   0.000341376025158  -0.000015025234169
   0.000008365863432  -0.000015025261580   0.000076856703916
  
           2           2           2
  -0.000245117869819  -0.000016920506554  -0.000016920473876
  -0.000016920131038  -0.000245117870293  -0.000016920335405
  -0.000016920223959  -0.000016920468687  -0.000245117871619
  
