          -2          -2          -2
  -0.000030851177653   0.000007386231740   0.000007387093844
   0.000007386071172  -0.000030851177583   0.000007385875857
   0.000007385208575   0.000007386428059  -0.000030851176857
  
          -2          -2          -1
  -0.000217215071566   0.000025560386997  -0.000117535740133
   0.000025560387920   0.000185006360607   0.000032817572973
  -0.000117535829401   0.000032817642395   0.000025872798329
  
          -2          -2           0
  -0.000217215071583  -0.000025560386027  -0.000117535755826
  -0.000025560388758   0.000185006361072  -0.000032817637866
  -0.000117535813084  -0.000032817575813   0.000025872797878
  
          -2          -2           1
  -0.000030851176595  -0.000007386076686   0.000007387133055
  -0.000007386224923  -0.000030851177566  -0.000007386554902
   0.000007385168442  -0.000007385746941  -0.000030851177926
  
          -2          -2           2
  -0.000230449182070  -0.000000000155035   0.000000000000694
   0.000000000156547  -0.000148371374281   0.000000000819962
  -0.000000000000582  -0.000000000821301   0.000095588042044
  
          -2          -1          -2
   0.000185006361810   0.000032817638107   0.000025560315865
   0.000032817574332   0.000025872797583  -0.000117535770305
   0.000025560457677  -0.000117535797573  -0.000217215072025
  
          -2          -1          -1
   0.000103778327023  -0.000198146417806   0.000198146420731
  -0.000198146421014   0.000103778327170   0.000198146414757
   0.000198146416977   0.000198146425671   0.000103778328601
  
          -2          -1           0
   0.000025872797931   0.000117535810013   0.000032817634718
   0.000117535759417  -0.000217215071095  -0.000025560407963
   0.000032817580787  -0.000025560368603   0.000185006360529
  
          -2          -1           1
   0.000264300228867  -0.000325792416530  -0.000000000041622
  -0.000325791400246  -0.000061781139856  -0.000000000028083
   0.000000000039961   0.000000000028057  -0.000271209414405
  
          -2          -1           2
   0.000320803136321  -0.000000000008232   0.000000000046138
   0.000000000005355  -0.000137372400675   0.000273263466650
  -0.000000000046318   0.000273262317604   0.000416654212005
  
          -2           0          -2
   0.000185006360513  -0.000032817577266  -0.000025560460686
  -0.000032817638997   0.000025872798880  -0.000117535825290
  -0.000025560315786  -0.000117535743295  -0.000217215072026
  
          -2           0          -1
   0.000025872797976   0.000117535766199  -0.000032817571006
   0.000117535803368  -0.000217215072489   0.000025560365642
  -0.000032817642162   0.000025560408155   0.000185006361885
  
          -2           0           0
   0.000007084353670  -0.001226322905114   0.000000000000352
  -0.001226322876835   0.002723481419995   0.000000000001227
  -0.000000000002570   0.000000000002457   0.002067810006556
  
          -2           0           1
   0.000610739992345  -0.000349809564012   0.002027590918236
  -0.000349809554831   0.000193109501837  -0.001367036627688
   0.002027591060626  -0.001367036589588  -0.000645169361675
  
          -2           0           2
   0.002067810006992   0.000000000000390   0.000000000002256
  -0.000000000001043   0.000007084349427   0.001226322918900
  -0.000000000000138   0.001226322858457   0.002723481423801
  
          -2           1          -2
  -0.000030851177100  -0.000007386101469  -0.000007385207455
  -0.000007386199594  -0.000030851176537   0.000007385742514
  -0.000007387094313   0.000007386559753  -0.000030851178455
  
          -2           1          -1
  -0.000137372398327  -0.000273262967838   0.000000000009700
  -0.000273262819059   0.000416654211351  -0.000000000052945
  -0.000000000009539   0.000000000055478   0.000320803134627
  
          -2           1           0
   0.000193109499691   0.001367036609789   0.000349809549085
   0.001367036606991  -0.000645169365356   0.002027591016772
   0.000349809570849   0.002027590962374   0.000610739998166
  
          -2           1           1
  -0.000645169357265  -0.002027590994990  -0.001367036635811
  -0.002027590985048   0.000610739991132   0.000349809561095
  -0.001367036589943   0.000349809553417   0.000193109498637
  
          -2           1           2
  -0.000271209414221   0.000000000020967   0.000000000012071
  -0.000000000019165   0.000264300227875   0.000325792363523
  -0.000000000012023   0.000325791454911  -0.000061781139048
  
          -2           2          -2
  -0.000148371373650  -0.000000000971565   0.000000000684460
   0.000000000974500   0.000095588042018   0.000000000000398
  -0.000000000685202  -0.000000000000685  -0.000230449182675
  
          -2           2          -1
  -0.000061781139213   0.000000000006903   0.000325791635741
  -0.000000000005673  -0.000271209414998  -0.000000000096617
   0.000325792181743   0.000000000094406   0.000264300228819
  
          -2           2           0
   0.002723481420211  -0.000000000000566   0.001226322894962
  -0.000000000001694   0.002067810006624   0.000000000004322
   0.001226322889061   0.000000000006510   0.000007084353384
  
          -2           2           1
   0.000416654210426   0.000000000084718   0.000273263227569
  -0.000000000084232   0.000320803136366   0.000000000026429
   0.000273262559989  -0.000000000021976  -0.000137372399137
  
          -2           2           2
   0.000095588042448   0.000000000000017  -0.000000000579801
   0.000000000001655  -0.000230449181846   0.000000001093051
   0.000000000579784  -0.000000001095806  -0.000148371374907
  
          -1          -2          -2
   0.000025872796891  -0.000117535800732   0.000032817605903
  -0.000117535770439  -0.000217215071326   0.000025560440135
   0.000032817608403   0.000025560333151   0.000185006361804
  
          -1          -2          -1
   0.000103778327943   0.000198146416285   0.000198146421068
   0.000198146420096   0.000103778328104  -0.000198146417634
   0.000198146417274  -0.000198146419531   0.000103778326747
  
          -1          -2           0
   0.000185006362027  -0.000032817633702   0.000025560366870
  -0.000032817580969   0.000025872796874   0.000117535782311
   0.000025560407861   0.000117535788927  -0.000217215071533
  
          -1          -2           1
   0.000320803136306  -0.000000000005510  -0.000000000045248
   0.000000000003964  -0.000137372398146  -0.000273263448529
   0.000000000044843  -0.000273262342561   0.000416654209493
  
          -1          -2           2
   0.000264300229315   0.000325792389812   0.000000000042340
   0.000325791427867  -0.000061781140952  -0.000000000028566
  -0.000000000040579   0.000000000029132  -0.000271209413756
  
          -1          -1          -2
   0.000103778326980   0.000198146419259  -0.000198146419588
   0.000198146418192   0.000103778327687   0.000198146422362
  -0.000198146417115   0.000198146414495   0.000103778328125
  
          -1          -1          -1
   0.000103778326803  -0.000198146421766  -0.000198146415600
  -0.000198146415081   0.000103778329254  -0.000198146420263
  -0.000198146422250  -0.000198146417193   0.000103778326735
  
          -1          -1           0
   0.000610739989526  -0.000349809553802  -0.002027590920043
  -0.000349809544791   0.000193109492442   0.001367036630551
  -0.002027591064064   0.001367036596314  -0.000645169349464
  
          -1          -1           1
   0.001544877877635  -0.000000000001253  -0.000000000000276
  -0.000000000006336  -0.007513139215958  -0.000000000005856
   0.000000000000854  -0.000000000018976  -0.000767463926084
  
          -1          -1           2
   0.000610739989356   0.000349809562031  -0.002027590921640
   0.000349809553545   0.000193109501888  -0.001367036633525
  -0.002027591061869  -0.001367036578614  -0.000645169358741
  
          -1           0          -2
  -0.000217215071782  -0.000025560395728   0.000117535804318
  -0.000025560378463   0.000185006361487   0.000032817633894
   0.000117535766312   0.000032817580626   0.000025872797663
  
          -1           0          -1
   0.000193109500841   0.001367036612180  -0.000349809543733
   0.001367036602915  -0.000645169350515  -0.002027591020011
  -0.000349809562750  -0.002027590969100   0.000610739982183
  
          -1           0           0
  -0.001602099631594  -0.030555648855766  -0.000000000063890
  -0.030555648837556   0.039169642630276   0.000000000112459
  -0.000000000060873   0.000000000110782  -0.015922762633617
  
          -1           0           1
  -0.015922762633476   0.000000000019211   0.000000000035609
   0.000000000016461  -0.001602099710210   0.030555648804283
   0.000000000040432   0.030555648779728   0.039169642708756
  
          -1           0           2
  -0.000645169353788   0.002027590997117   0.001367036637947
   0.002027590982375   0.000610739988081   0.000349809553555
   0.001367036589882   0.000349809555289   0.000193109498214
  
          -1           1          -2
  -0.000061781141049   0.000000000009054  -0.000325791602146
  -0.000000000006835  -0.000271209413683   0.000000000094618
  -0.000325792214417  -0.000000000095291   0.000264300229339
  
          -1           1          -1
  -0.007513139216443   0.000000000004082   0.000000000015427
   0.000000000009330  -0.000767463926125  -0.000000000002952
  -0.000000000005167  -0.000000000002829   0.001544877878160
  
          -1           1           0
   0.039169642622435  -0.000000000083561   0.030555648847728
  -0.000000000079028  -0.015922762633566  -0.000000000041825
   0.030555648854301  -0.000000000041955  -0.001602099623806
  
          -1           1           1
  -0.000767463927544   0.000000000000847  -0.000000000003733
   0.000000000004153   0.001544877878292   0.000000000016707
  -0.000000000001761   0.000000000015788  -0.007513139215155
  
          -1           1           2
   0.000416654210793  -0.000000000085165  -0.000273263225984
   0.000000000088279   0.000320803135912   0.000000000023039
  -0.000273262561189  -0.000000000023290  -0.000137372399052
  
          -1           2          -2
  -0.000137372398904   0.000273262989777   0.000000000007392
   0.000273262799230   0.000416654210216   0.000000000054670
  -0.000000000006829  -0.000000000053730   0.000320803136342
  
          -1           2          -1
   0.000193109494797  -0.001367036613154   0.000349809553917
  -0.001367036612680  -0.000645169345436  -0.002027591019658
   0.000349809547359  -0.002027590967954   0.000610739983148
  
          -1           2           0
  -0.000645169354851   0.002027590998477  -0.001367036613267
   0.002027590988379   0.000610739990641  -0.000349809562723
  -0.001367036597156  -0.000349809545351   0.000193109496715
  
          -1           2           1
  -0.000271209413101  -0.000000000017786   0.000000000009971
   0.000000000018665   0.000264300230329  -0.000325792250564
  -0.000000000010201  -0.000325791567119  -0.000061781142619
  
          -1           2           2
  -0.000030851177232   0.000007386107937  -0.000007387135131
   0.000007386195021  -0.000030851177981  -0.000007385870885
  -0.000007385167597  -0.000007386431503  -0.000030851176878
  
           0          -2          -2
   0.000025872797612  -0.000117535762121  -0.000032817618720
  -0.000117535809039  -0.000217215071462  -0.000025560335862
  -0.000032817597122  -0.000025560440833   0.000185006361215
  
           0          -2          -1
   0.000185006361988   0.000032817577979  -0.000025560407904
   0.000032817634384   0.000025872796904   0.000117535761341
  -0.000025560367293   0.000117535808270  -0.000217215071519
  
           0          -2           0
   0.002067810007938  -0.000000000000597   0.000000000000230
  -0.000000000001719   0.000007084357327  -0.001226322902138
   0.000000000000710  -0.001226322895099   0.002723481414954
  
           0          -2           1
   0.000610739992836   0.000349809555937   0.002027590923618
   0.000349809547498   0.000193109491408   0.001367036633474
   0.002027591065844   0.001367036586513  -0.000645169351738
  
           0          -2           2
   0.000007084353846   0.001226322904949   0.000000000001971
   0.001226322885344   0.002723481418746   0.000000000000604
   0.000000000004113   0.000000000001303   0.002067810007627
  
           0          -1          -2
  -0.000217215072606   0.000025560380655   0.000117535839506
   0.000025560395028   0.000185006361540  -0.000032817584651
   0.000117535731019  -0.000032817627731   0.000025872798433
  
           0          -1          -1
  -0.000645169355923  -0.002027590991305   0.001367036598143
  -0.002027590998562   0.000610739994564  -0.000349809547825
   0.001367036614038  -0.000349809559449   0.000193109493862
  
           0          -1           0
  -0.015922762635638  -0.000000000009330   0.000000000005678
  -0.000000000006082  -0.001602099489991  -0.030555648941101
   0.000000000003607  -0.030555648940259   0.039169642490690
  
           0          -1           1
  -0.001602099569890   0.030555648892917   0.000000000047785
   0.030555648881379   0.039169642568351   0.000000000088286
   0.000000000048940   0.000000000087247  -0.015922762633397
  
           0          -1           2
   0.000193109492860  -0.001367036604049  -0.000349809550074
  -0.001367036614258  -0.000645169360492   0.002027590966690
  -0.000349809561541   0.002027591017161   0.000610740000134
  
           0           0          -2
   0.002723481420385   0.000000000005400  -0.001226322875063
   0.000000000000618   0.002067810006306   0.000000000003369
  -0.001226322913091   0.000000000001966   0.000007084353533
  
           0           0          -1
   0.039169642575300   0.000000000025444  -0.030555648878301
   0.000000000029218  -0.015922762634017  -0.000000000009127
  -0.030555648886784  -0.000000000008138  -0.001602099576213
  
           0           0           0
   4.995554128028288   0.000000000005776   0.000000000001846
   0.000000000005776   4.995554128028498  -0.000000000002681
   0.000000000001846  -0.000000000002681   4.995554128028131
  
           0           0           1
   0.039169642575300   0.000000000029218  -0.030555648886784
   0.000000000025444  -0.015922762634017  -0.000000000008138
  -0.030555648878301  -0.000000000009127  -0.001602099576213
  
           0           0           2
   0.002723481420385   0.000000000000618  -0.001226322913091
   0.000000000005400   0.002067810006306   0.000000000001966
  -0.001226322875063   0.000000000003369   0.000007084353532
  
           0           1          -2
   0.000193109492860  -0.001367036614258  -0.000349809561541
  -0.001367036604049  -0.000645169360492   0.002027591017161
  -0.000349809550074   0.002027590966690   0.000610740000134
  
           0           1          -1
  -0.001602099569890   0.030555648881379   0.000000000048940
   0.030555648892917   0.039169642568350   0.000000000087247
   0.000000000047785   0.000000000088286  -0.015922762633397
  
           0           1           0
  -0.015922762635638  -0.000000000006082   0.000000000003607
  -0.000000000009330  -0.001602099489991  -0.030555648940259
   0.000000000005678  -0.030555648941101   0.039169642490690
  
           0           1           1
  -0.000645169355923  -0.002027590998562   0.001367036614038
  -0.002027590991305   0.000610739994565  -0.000349809559449
   0.001367036598143  -0.000349809547825   0.000193109493862
  
           0           1           2
  -0.000217215072606   0.000025560395028   0.000117535731019
   0.000025560380655   0.000185006361540  -0.000032817627731
   0.000117535839506  -0.000032817584651   0.000025872798433
  
           0           2          -2
   0.000007084353846   0.001226322885344   0.000000000004113
   0.001226322904949   0.002723481418745   0.000000000001303
   0.000000000001971   0.000000000000604   0.002067810007627
  
           0           2          -1
   0.000610739992836   0.000349809547498   0.002027591065844
   0.000349809555937   0.000193109491408   0.001367036586513
   0.002027590923618   0.001367036633474  -0.000645169351738
  
           0           2           0
   0.002067810007938  -0.000000000001719   0.000000000000710
  -0.000000000000597   0.000007084357327  -0.001226322895099
   0.000000000000230  -0.001226322902138   0.002723481414954
  
           0           2           1
   0.000185006361988   0.000032817634384  -0.000025560367292
   0.000032817577979   0.000025872796904   0.000117535808270
  -0.000025560407904   0.000117535761341  -0.000217215071519
  
           0           2           2
   0.000025872797612  -0.000117535809039  -0.000032817597122
  -0.000117535762121  -0.000217215071462  -0.000025560440833
  -0.000032817618720  -0.000025560335862   0.000185006361215
  
           1          -2          -2
  -0.000030851177232   0.000007386195021  -0.000007385167597
   0.000007386107937  -0.000030851177981  -0.000007386431503
  -0.000007387135131  -0.000007385870885  -0.000030851176878
  
           1          -2          -1
  -0.000271209413101   0.000000000018665  -0.000000000010201
  -0.000000000017786   0.000264300230329  -0.000325791567119
   0.000000000009971  -0.000325792250564  -0.000061781142619
  
           1          -2           0
  -0.000645169354851   0.002027590988379  -0.001367036597156
   0.002027590998476   0.000610739990641  -0.000349809545351
  -0.001367036613267  -0.000349809562723   0.000193109496715
  
           1          -2           1
   0.000193109494797  -0.001367036612680   0.000349809547359
  -0.001367036613154  -0.000645169345435  -0.002027590967954
   0.000349809553917  -0.002027591019658   0.000610739983149
  
           1          -2           2
  -0.000137372398904   0.000273262799230  -0.000000000006829
   0.000273262989777   0.000416654210216  -0.000000000053730
   0.000000000007392   0.000000000054670   0.000320803136342
  
           1          -1          -2
   0.000416654210793   0.000000000088279  -0.000273262561189
  -0.000000000085165   0.000320803135912  -0.000000000023290
  -0.000273263225984   0.000000000023039  -0.000137372399052
  
           1          -1          -1
  -0.000767463927544   0.000000000004153  -0.000000000001761
   0.000000000000847   0.001544877878292   0.000000000015788
  -0.000000000003733   0.000000000016707  -0.007513139215155
  
           1          -1           0
   0.039169642622435  -0.000000000079028   0.030555648854301
  -0.000000000083561  -0.015922762633566  -0.000000000041955
   0.030555648847728  -0.000000000041825  -0.001602099623806
  
           1          -1           1
  -0.007513139216443   0.000000000009330  -0.000000000005167
   0.000000000004082  -0.000767463926125  -0.000000000002829
   0.000000000015427  -0.000000000002952   0.001544877878160
  
           1          -1           2
  -0.000061781141049  -0.000000000006835  -0.000325792214417
   0.000000000009054  -0.000271209413684  -0.000000000095291
  -0.000325791602146   0.000000000094618   0.000264300229339
  
           1           0          -2
  -0.000645169353788   0.002027590982376   0.001367036589882
   0.002027590997117   0.000610739988081   0.000349809555289
   0.001367036637947   0.000349809553555   0.000193109498214
  
           1           0          -1
  -0.015922762633476   0.000000000016461   0.000000000040432
   0.000000000019211  -0.001602099710210   0.030555648779728
   0.000000000035609   0.030555648804283   0.039169642708756
  
           1           0           0
  -0.001602099631594  -0.030555648837556  -0.000000000060873
  -0.030555648855766   0.039169642630276   0.000000000110782
  -0.000000000063890   0.000000000112459  -0.015922762633617
  
           1           0           1
   0.000193109500841   0.001367036602915  -0.000349809562750
   0.001367036612180  -0.000645169350515  -0.002027590969100
  -0.000349809543733  -0.002027591020011   0.000610739982183
  
           1           0           2
  -0.000217215071782  -0.000025560378463   0.000117535766312
  -0.000025560395729   0.000185006361488   0.000032817580626
   0.000117535804318   0.000032817633894   0.000025872797663
  
           1           1          -2
   0.000610739989356   0.000349809553545  -0.002027591061869
   0.000349809562031   0.000193109501888  -0.001367036578614
  -0.002027590921640  -0.001367036633525  -0.000645169358741
  
           1           1          -1
   0.001544877877635  -0.000000000006336   0.000000000000854
  -0.000000000001253  -0.007513139215958  -0.000000000018976
  -0.000000000000276  -0.000000000005856  -0.000767463926084
  
           1           1           0
   0.000610739989526  -0.000349809544791  -0.002027591064064
  -0.000349809553802   0.000193109492442   0.001367036596314
  -0.002027590920043   0.001367036630551  -0.000645169349464
  
           1           1           1
   0.000103778326803  -0.000198146415081  -0.000198146422250
  -0.000198146421766   0.000103778329254  -0.000198146417193
  -0.000198146415600  -0.000198146420263   0.000103778326735
  
           1           1           2
   0.000103778326980   0.000198146418192  -0.000198146417115
   0.000198146419259   0.000103778327687   0.000198146414495
  -0.000198146419588   0.000198146422362   0.000103778328125
  
           1           2          -2
   0.000264300229315   0.000325791427867  -0.000000000040579
   0.000325792389812  -0.000061781140952   0.000000000029132
   0.000000000042340  -0.000000000028566  -0.000271209413756
  
           1           2          -1
   0.000320803136306   0.000000000003964   0.000000000044843
  -0.000000000005510  -0.000137372398146  -0.000273262342561
  -0.000000000045248  -0.000273263448529   0.000416654209493
  
           1           2           0
   0.000185006362027  -0.000032817580969   0.000025560407861
  -0.000032817633702   0.000025872796874   0.000117535788927
   0.000025560366870   0.000117535782311  -0.000217215071534
  
           1           2           1
   0.000103778327944   0.000198146420096   0.000198146417274
   0.000198146416285   0.000103778328104  -0.000198146419531
   0.000198146421068  -0.000198146417634   0.000103778326747
  
           1           2           2
   0.000025872796891  -0.000117535770439   0.000032817608403
  -0.000117535800732  -0.000217215071326   0.000025560333151
   0.000032817605903   0.000025560440135   0.000185006361804
  
           2          -2          -2
   0.000095588042448   0.000000000001655   0.000000000579784
   0.000000000000017  -0.000230449181846  -0.000000001095806
  -0.000000000579801   0.000000001093051  -0.000148371374907
  
           2          -2          -1
   0.000416654210426  -0.000000000084232   0.000273262559989
   0.000000000084718   0.000320803136366  -0.000000000021976
   0.000273263227569   0.000000000026429  -0.000137372399137
  
           2          -2           0
   0.002723481420211  -0.000000000001694   0.001226322889061
  -0.000000000000566   0.002067810006624   0.000000000006510
   0.001226322894962   0.000000000004322   0.000007084353384
  
           2          -2           1
  -0.000061781139213  -0.000000000005673   0.000325792181743
   0.000000000006903  -0.000271209414998   0.000000000094406
   0.000325791635741  -0.000000000096617   0.000264300228819
  
           2          -2           2
  -0.000148371373650   0.000000000974500  -0.000000000685202
  -0.000000000971565   0.000095588042018  -0.000000000000685
   0.000000000684460   0.000000000000398  -0.000230449182675
  
           2          -1          -2
  -0.000271209414221  -0.000000000019165  -0.000000000012023
   0.000000000020967   0.000264300227875   0.000325791454911
   0.000000000012071   0.000325792363523  -0.000061781139048
  
           2          -1          -1
  -0.000645169357265  -0.002027590985048  -0.001367036589943
  -0.002027590994990   0.000610739991132   0.000349809553417
  -0.001367036635811   0.000349809561095   0.000193109498637
  
           2          -1           0
   0.000193109499691   0.001367036606991   0.000349809570849
   0.001367036609789  -0.000645169365356   0.002027590962374
   0.000349809549084   0.002027591016772   0.000610739998166
  
           2          -1           1
  -0.000137372398327  -0.000273262819059  -0.000000000009539
  -0.000273262967838   0.000416654211351   0.000000000055478
   0.000000000009700  -0.000000000052945   0.000320803134627
  
           2          -1           2
  -0.000030851177100  -0.000007386199594  -0.000007387094313
  -0.000007386101469  -0.000030851176537   0.000007386559753
  -0.000007385207455   0.000007385742514  -0.000030851178455
  
           2           0          -2
   0.002067810006992  -0.000000000001043  -0.000000000000138
   0.000000000000390   0.000007084349427   0.001226322858457
   0.000000000002256   0.001226322918900   0.002723481423801
  
           2           0          -1
   0.000610739992345  -0.000349809554831   0.002027591060626
  -0.000349809564012   0.000193109501837  -0.001367036589588
   0.002027590918236  -0.001367036627688  -0.000645169361675
  
           2           0           0
   0.000007084353670  -0.001226322876835  -0.000000000002570
  -0.001226322905114   0.002723481419995   0.000000000002457
   0.000000000000352   0.000000000001227   0.002067810006556
  
           2           0           1
   0.000025872797976   0.000117535803368  -0.000032817642162
   0.000117535766199  -0.000217215072489   0.000025560408155
  -0.000032817571006   0.000025560365642   0.000185006361885
  
           2           0           2
   0.000185006360513  -0.000032817638997  -0.000025560315786
  -0.000032817577266   0.000025872798880  -0.000117535743295
  -0.000025560460686  -0.000117535825290  -0.000217215072026
  
           2           1          -2
   0.000320803136320   0.000000000005355  -0.000000000046318
  -0.000000000008232  -0.000137372400675   0.000273262317604
   0.000000000046138   0.000273263466650   0.000416654212005
  
           2           1          -1
   0.000264300228867  -0.000325791400246   0.000000000039961
  -0.000325792416530  -0.000061781139856   0.000000000028057
  -0.000000000041622  -0.000000000028083  -0.000271209414405
  
           2           1           0
   0.000025872797932   0.000117535759417   0.000032817580787
   0.000117535810013  -0.000217215071095  -0.000025560368603
   0.000032817634718  -0.000025560407963   0.000185006360529
  
           2           1           1
   0.000103778327023  -0.000198146421014   0.000198146416977
  -0.000198146417806   0.000103778327170   0.000198146425671
   0.000198146420731   0.000198146414757   0.000103778328601
  
           2           1           2
   0.000185006361810   0.000032817574332   0.000025560457677
   0.000032817638107   0.000025872797583  -0.000117535797573
   0.000025560315865  -0.000117535770305  -0.000217215072025
  
           2           2          -2
  -0.000230449182070   0.000000000156547  -0.000000000000582
  -0.000000000155035  -0.000148371374281  -0.000000000821301
   0.000000000000694   0.000000000819962   0.000095588042044
  
           2           2          -1
  -0.000030851176595  -0.000007386224923   0.000007385168442
  -0.000007386076686  -0.000030851177567  -0.000007385746941
   0.000007387133055  -0.000007386554902  -0.000030851177926
  
           2           2           0
  -0.000217215071584  -0.000025560388758  -0.000117535813084
  -0.000025560386027   0.000185006361072  -0.000032817575813
  -0.000117535755826  -0.000032817637866   0.000025872797878
  
           2           2           1
  -0.000217215071566   0.000025560387920  -0.000117535829401
   0.000025560386997   0.000185006360607   0.000032817642395
  -0.000117535740133   0.000032817572973   0.000025872798329
  
           2           2           2
  -0.000030851177653   0.000007386071172   0.000007385208575
   0.000007386231740  -0.000030851177583   0.000007386428059
   0.000007387093844   0.000007385875857  -0.000030851176857
  
